0  -14.000000000000110    1.499999999999912   -4.500000000000063  -14.000000000000110    1.499999999999912    1.500000000000021  -10.000000000000082    1.499999999999940   -4.500000000000063  -10.000000000000082    1.499999999999940    1.500000000000021  -14.000000000000096   -0.500000000000102   -4.500000000000063  -14.000000000000096   -0.500000000000102    1.500000000000021  -10.000000000000068   -0.500000000000074   -4.500000000000063  -10.000000000000068   -0.500000000000074    1.500000000000021 
1000  -10.455812741319438   -3.111789970573720    5.055813584122323  -14.328093489227491   -1.072591947923568    0.951290075382106   -7.670519612452696   -3.537468138957979    2.216634075311885  -11.542800360360749   -1.498270116307827   -1.887889433428332   -9.827741467185634   -1.242923197408093    5.391765156176239  -13.700022215093687    0.796274825242059    1.287241647436021   -7.042448338318894   -1.668601365792352    2.552585647365800  -10.914729086226947    0.370596656857800   -1.551937861374417 
2000   -7.144475014141624    0.932892761840265    4.177847740088891   -7.784469805289159    0.321005828768904   -1.756459384457456  -11.121606831353919    0.957125114244804    4.604269247068541  -11.761601622501454    0.345238181173443   -1.330037877477808   -7.134715053593068   -1.056643006613302    4.381936370869785   -7.774709844740602   -1.668529939684663   -1.552370753676563  -11.111846870805362   -1.032410654208764    4.808357877849433  -11.751841661952898   -1.644297587280124   -1.125949246696915 
3000  -10.406664914921926   -2.429750645036803   -5.234936252295165   -7.590884176691306   -3.829852725434006   -0.125034785664158  -13.763327813712294   -1.700255832947393   -3.185387154805876  -10.947547075481674   -3.100357913344595    1.924514311825131   -9.856896201133070   -0.519475850013239   -5.014471813356168   -7.041115462902451   -1.919577930410442    0.095429653274839  -13.213559099923442    0.210018962076171   -2.964922715866879  -10.397778361692820   -1.190083118321031    2.144978750764128 
4000  -14.206947614618592   -1.341944254765121   -3.474446212024965  -12.792815048498644   -0.152230742344760    2.233864470112473  -10.320543531783153   -1.449514854535128   -4.414814156494252   -8.906410965663206   -0.259801342114767    1.293496525643185  -14.164887444082677   -3.301494827728542   -3.076460666994397  -12.750754877962727   -2.111781315308181    2.631850015143040  -10.278483361247236   -3.409065427498549   -4.016828611463684   -8.864350795127288   -2.219351915078188    1.691482070673753 
5000  -11.712547405344564   -3.783826767505187    5.688349469289271  -13.587568059588339   -3.135986300376230    0.025788187032775   -8.038389204872333   -4.659409882348358    4.371567130820064   -9.913409859116108   -4.011569415219402   -1.290994151436432  -11.228288411113777   -1.844315096450844    5.749893797627736  -13.103309065357552   -1.196474629321887    0.087332515371239   -7.554130210641545   -2.719898211294015    4.433111459158528   -9.429150864885319   -2.072057744165059   -1.229449823097968 
6000   -5.353167807063662   -0.503602313095945    2.943860498552863   -7.707023261869956   -2.193329026842164   -2.310108299482765   -9.027194391842594   -0.228297695066996    4.501337953166524  -11.381049846648889   -1.918024408813216   -0.752630844869104   -5.254395358060417   -2.417710466584427    3.515204510569160   -7.608250812866711   -4.107437180330646   -1.738764287466469   -8.928421942839348   -2.142405848555478    5.072681965182820  -11.282277397645643   -3.832132562301698   -0.181286832852808 
7000   -7.889676944159136   -5.735421668675893   -4.155685843203957   -6.777442990837060   -5.610368483208958    1.738997976466365  -11.721131807106104   -4.827234197586722   -3.452017490528550  -10.608897853784029   -4.702181012119786    2.442666329141773   -7.450886775655616   -3.788100100331382   -4.279790224613239   -6.338652822333541   -3.663046914864446    1.614893595057084  -11.282341638602585   -2.879912629242210   -3.576121871937833  -10.170107685280509   -2.754859443775274    2.318561947732490 
8000  -14.558824382235212   -3.717186955075430   -1.392384039096744  -11.113327834842519   -1.681624803038495    3.078079054040316  -11.303405456671378   -4.268772158625442   -3.650259452467862   -7.857908909278684   -2.233210006588507    0.820203640669198  -14.381307345545034   -5.578247963462577   -0.681793000069499  -10.935810798152341   -3.542685811425641    3.788670093067562  -11.125888419981198   -6.129833167012588   -2.939668413440617   -7.680391872588506   -4.094271014975654    1.530794679696443 
9000  -12.048060086256605   -4.637309660818526    5.734221736960331  -12.562465602712548   -5.514747257048395   -0.178940718897197   -8.149390493822871   -5.506921928147850    5.524102928798929   -8.663796010278814   -6.384359524377719   -0.389059527058599  -11.634910713892520   -2.707180249501729    5.411874018362707  -12.149316230348465   -3.584617845731597   -0.501288437494822   -7.736241121458788   -3.576792516831053    5.201755210201306   -8.250646637914731   -4.454230113060921   -0.711407245656224 
