0  -14.000000000000110    1.499999999999912   -4.500000000000063  -14.000000000000110    1.499999999999912    1.500000000000021  -10.000000000000082    1.499999999999940   -4.500000000000063  -10.000000000000082    1.499999999999940    1.500000000000021  -14.000000000000096   -0.500000000000102   -4.500000000000063  -14.000000000000096   -0.500000000000102    1.500000000000021  -10.000000000000068   -0.500000000000074   -4.500000000000063  -10.000000000000068   -0.500000000000074    1.500000000000021 
100  -13.627751532854964    2.821529566474784   -4.020351072689096  -14.158712381716956    0.846122206391277    1.620202653560181   -9.646676185519786    2.856645552665601   -3.633303341324908  -10.177637034381778    0.881238192582093    2.007250384924369  -13.547530654188302    0.933114851734326   -4.674151100050464  -14.078491503050294   -1.042292508349181    0.966402626198813   -9.566455306853122    0.968230837925142   -4.287103368686276  -10.097416155715115   -1.007176522158365    1.353450357563001 
200  -13.348552542104036    3.952021616947767   -3.042015279092666  -14.278645549489237    0.220981088757775    1.563879158974462   -9.413250471356436    3.845753636381902   -2.333421793181087  -10.343343478741637    0.114713108191909    2.272472644886040  -13.169024882661159    2.386634636439832   -4.273816164281212  -14.099117890046360   -1.344405891750160    0.332078273785915   -9.233722811913557    2.280366655873966   -3.565222678369634  -10.163815819298758   -1.450673872316027    1.040671759697493 
300  -13.147712260253712    4.722251654672255   -1.669167557796823  -14.364682076302111   -0.317715545929878    1.350387886913948   -9.272729085167207    4.333525446263542   -0.756261578140137  -10.489698901215608   -0.706441754338590    2.263293866570634  -12.862109272286970    3.654609524119989   -3.336072238435276  -14.079079088335371   -1.385357676482144   -0.316516793724504   -8.987126097200465    3.265883315711277   -2.423166258778590  -10.204095913248866   -1.774083884890856    0.596389185932181 
400  -12.997572856870306    5.013065277379600   -0.047415320023821  -14.422210526726525   -0.716026852450509    1.023990708308049   -9.189829527675082    4.244665729014496    0.906866018493187  -10.614467197531301   -1.484426400815613    1.978272046825057  -12.610581373715673    4.559803252401909   -1.956548926841062  -14.035219043571891   -1.169288877428201   -0.885142898509191   -8.802838044520447    3.791403704036805   -1.002267588324053  -10.227475714376666   -1.937688425793305    0.069138440007817 
500  -12.859287654517786    4.758735245103416    1.654295213267380  -14.458155752176159   -0.937450994586054    0.655754713806710   -9.122558404914239    3.571123574624720    2.445770440485726  -10.721426502572610   -2.125062665064749    1.447229941025056  -12.384765267106014    4.964219495133587   -0.277699798846957  -13.983633364764387   -0.731966744555882   -1.276240298307627   -8.648036017502466    3.776607824654893    0.513775428371389  -10.246904115160836   -1.919578415034577   -0.484765071089281 
600  -12.684213415516503    3.945692064310566    3.256703434214669  -14.480196017715114   -0.979240258388212    0.337887217075029   -9.025052737744032    2.378464953549039    3.649567682445541  -10.821035339942641   -2.546467369149739    0.730751465305901  -12.141773603735126    4.776928745356678    1.520384157503694  -13.937756205933736   -0.148003577342100   -1.398432059635947   -8.482612925962654    3.209701634595151    1.913248405734566  -10.278595528161263   -1.715230688103627   -1.005567811405075 
700  -12.415298799803079    2.611787181734419    4.576535513389839  -14.493312408105499   -0.887961101230430    0.168177383700812   -8.852558409006940    0.810483371471323    4.327165324871531  -10.930572017309361   -2.689264911493526   -0.081192804817494  -11.826293849226122    3.963789699316367    3.225549813743838  -13.904307457528542    0.464041416351517   -1.182808315945189   -8.263553458429985    2.162485889053271    2.976179625225530  -10.341567066732404   -1.337262393911579   -1.432178504463496 
800  -11.990043898779227    0.853680027629332    5.428428312990913  -14.492940911223853   -0.768486001877268    0.222270044381375   -8.569974389810035   -0.907968138125866    4.333110873199685  -11.072871402254659   -2.530134167632466   -0.873047395409853  -11.373824530264923    2.565920852718582    4.598666270736880  -13.876721542709546    0.943754823211981   -0.607491997872657   -7.953755021295729    0.804272686963384    3.503348830945653  -10.456652033740353   -0.817893342543217   -1.702809437663885 
900  -11.348968172322254   -1.150943120947838    5.633362825385391  -14.455160349489152   -0.775686031204706    0.513719060912559   -8.165702346585888   -2.474754250259767    3.604978548033308  -11.271894523752787   -2.099497160516635   -1.514665216439525  -10.720750924462145    0.732201746551304    5.390240433362842  -13.826943101629041    1.107458836294436    0.270596668890009   -7.537485098725779   -0.591609382760625    3.361856156010758  -10.643677275892676   -0.216352293017494   -1.757787608462075 
1000  -10.455812741319438   -3.111789970573720    5.055813584122323  -14.328093489227491   -1.072591947923568    0.951290075382106   -7.670519612452696   -3.537468138957979    2.216634075311885  -11.542800360360749   -1.498270116307827   -1.887889433428332   -9.827741467185634   -1.242923197408093    5.391765156176239  -13.700022215093687    0.796274825242059    1.287241647436021   -7.042448338318894   -1.668601365792352    2.552585647365800  -10.914729086226947    0.370596656857800   -1.551937861374417 
