COM_Z
4.000136
3.999737
3.999338
3.998938
3.998539
3.998140
3.997741
3.997342
3.996943
3.996544
3.996146
3.995747
3.995349
3.994951
3.994553
3.994155
3.993757
3.993360
3.992963
3.992566
3.992169
3.991772
3.991376
3.990979
3.990584
3.990188
3.989792
3.989397
3.989002
3.988608
3.988214
3.987820
3.987426
3.987032
3.986639
3.986247
3.985854
3.985462
3.985071
3.984679
3.984289
3.983898
3.983508
3.983118
3.982729
3.982340
3.981951
3.981563
3.981176
3.980789
3.980402
3.980016
3.979630
3.979244
3.978860
3.978475
3.978091
3.977708
3.977325
3.976943
3.976561
3.976180
3.975799
3.975419
3.975040
3.974661
3.974282
3.973905
3.973527
3.973151
3.972775
3.972399
3.972024
3.971650
3.971277
3.970904
3.970532
3.970160
3.969789
3.969419
3.969049
3.968681
3.968312
3.967945
3.967578
3.967212
3.966847
3.966482
3.966118
3.965755
3.965393
3.965031
3.964671
3.964311
3.963951
3.963593
3.963235
3.962878
3.962522
3.962167
3.961813
3.961459
3.961106
3.960754
3.960403
3.960053
3.959704
3.959355
3.959008
3.958661
3.958315
3.957970
3.957626
3.957283
3.956941
3.956600
3.956260
3.955920
3.955582
3.955244
3.954908
3.954572
3.954238
3.953904
3.953572
3.953240
3.952910
3.952580
3.952251
3.951924
3.951597
3.951272
3.950947
3.950624
3.950302
3.949980
3.949660
3.949341
3.949023
3.948706
3.948390
3.948075
3.947762
3.947449
3.947138
3.946827
3.946518
3.946210
3.945903
3.945597
3.945293
3.944989
3.944687
3.944386
3.944086
3.943787
3.943490
3.943194
3.942898
3.942605
3.942312
3.942020
3.941730
3.941441
3.941154
3.940867
3.940582
3.940298
3.940015
3.939734
3.939454
3.939175
3.938897
3.938621
3.938346
3.938072
3.937800
3.937529
3.937260
3.936991
3.936724
3.936459
3.936194
3.935932
3.935670
3.935410
3.935151
3.934894
3.934638
3.934383
3.934130
3.933878
3.933628
3.933379
3.933131
3.932885
3.932641
3.932398
3.932156
3.931916
3.931677
3.931439
3.931204
3.930969
3.930736
3.930505
3.930275
3.930047
3.929820
3.929594
3.929371
3.929148
3.928928
3.928708
3.928491
3.928275
3.928060
3.927847
3.927636
3.927426
3.927218
3.927011
3.926806
3.926602
3.926401
3.926200
3.926002
3.925805
3.925609
3.925416
3.925223
3.925033
3.924844
3.924657
3.924472
3.924288
3.924106
3.923925
3.923746
3.923569
3.923394
3.923220
3.923048
3.922878
3.922710
3.922543
3.922378
3.922214
3.922053
3.921893
3.921735
3.921579
3.921424
3.921271
3.921120
3.920971
3.920824
3.920678
3.920534
3.920392
3.920252
3.920114
3.919977
3.919843
3.919710
3.919579
3.919449
3.919322
3.919197
3.919073
3.918951
3.918831
3.918713
3.918597
3.918483
3.918371
3.918260
3.918152
3.918045
3.917940
3.917838
3.917737
3.917638
3.917541
3.917446
3.917353
3.917262
3.917173
3.917085
3.917000
3.916917
3.916836
3.916757
3.916679
3.916604
3.916531
3.916460
3.916390
3.916323
3.916258
3.916195
3.916134
3.916075
3.916018
3.915963
3.915910
3.915859
3.915811
3.915764
3.915720
3.915677
3.915637
3.915598
3.915562
3.915528
3.915496
3.915466
3.915439
3.915413
3.915390
3.915369
3.915349
3.915332
3.915318
3.915305
3.915295
3.915286
3.915280
3.915276
3.915275
3.915275
3.915278
3.915283
3.915290
3.915299
3.915310
3.915324
3.915340
3.915358
3.915379
3.915402
3.915427
3.915454
3.915483
3.915515
3.915549
3.915586
3.915624
3.915665
3.915708
3.915754
3.915802
3.915852
3.915904
3.915959
3.916016
3.916076
3.916137
3.916202
3.916268
3.916337
3.916408
3.916482
3.916558
3.916636
3.916717
3.916800
3.916885
3.916973
3.917063
3.917156
3.917251
3.917349
3.917449
3.917551
3.917656
3.917763
3.917873
3.917985
3.918099
3.918216
3.918336
3.918458
3.918582
3.918709
3.918838
3.918970
3.919105
3.919242
3.919381
3.919523
3.919667
3.919814
3.919963
3.920115
3.920270
3.920427
3.920586
3.920749
3.920913
3.921080
3.921250
3.921423
3.921598
3.921775
3.921955
3.922138
3.922323
3.922511
3.922701
3.922894
3.923090
3.923288
3.923489
3.923692
3.923899
3.924107
3.924319
3.924533
3.924749
3.924969
3.925191
3.925416
3.925643
3.925873
3.926106
3.926341
3.926579
3.926820
3.927063
3.927309
3.927558
3.927809
3.928064
3.928321
3.928580
3.928843
3.929108
3.929375
3.929646
3.929919
3.930195
3.930474
3.930756
3.931040
3.931327
3.931617
3.931910
3.932205
3.932503
3.932804
3.933108
3.933415
3.933724
3.934036
3.934351
3.934669
3.934989
3.935313
3.935639
3.935968
3.936300
3.936634
3.936972
3.937312
3.937655
3.938001
3.938350
3.938702
3.939057
3.939414
3.939775
3.940138
3.940504
3.940873
3.941245
3.941620
3.941997
3.942378
3.942761
3.943147
3.943537
3.943929
3.944324
3.944722
3.945123
3.945527
3.945933
3.946343
3.946756
3.947171
3.947589
3.948011
3.948435
3.948863
3.949293
3.949726
3.950162
3.950601
3.951043
3.951489
3.951937
3.952388
3.952842
3.953299
3.953758
3.954221
3.954687
3.955156
3.955628
3.956103
3.956581
3.957062
3.957546
3.958033
3.958523
3.959016
3.959512
3.960011
3.960513
3.961018
3.961526
3.962037
3.962551
3.963068
3.963588
3.964111
3.964638
3.965167
3.965699
3.966235
3.966773
3.967315
3.967859
3.968407
3.968958
3.969511
3.970068
3.970628
3.971191
3.971757
3.972326
3.972898
3.973473
3.974051
3.974633
3.975217
3.975805
3.976395
3.976989
3.977586
3.978186
3.978788
3.979394
3.980004
3.980616
3.981231
3.981849
3.982471
3.983095
3.983723
3.984354
3.984988
3.985624
3.986265
3.986908
3.987554
3.988203
3.988856
3.989511
3.990170
3.990832
3.991496
3.992164
3.992835
3.993510
3.994187
3.994867
3.995551
3.996237
3.996927
3.997620
3.998316
3.999015
3.999717
4.000422
4.001130
4.001842
4.002556
4.003274
4.003994
4.004718
4.005445
4.006175
4.006908
4.007645
4.008384
4.009126
4.009872
4.010620
4.011372
4.012127
4.012885
4.013646
4.014410
4.015177
4.015947
4.016721
4.017497
4.018277
4.019059
4.019845
4.020634
4.021426
4.022221
4.023019
4.023820
4.024624
4.025431
4.026241
4.027054
4.027871
4.028690
4.029513
4.030338
4.031167
4.031998
4.032833
4.033671
4.034512
4.035355
4.036202
4.037052
4.037905
4.038761
4.039620
4.040482
4.041347
4.042215
4.043086
4.043960
4.044837
4.045716
4.046599
4.047485
4.048374
4.049266
4.050161
4.051059
4.051960
4.052864
4.053770
4.054680
4.055593
4.056508
4.057427
4.058348
4.059272
4.060200
4.061130
4.062063
4.062999
4.063938
4.064880
4.065825
4.066773
4.067723
4.068676
4.069633
4.070592
4.071554
4.072519
4.073486
4.074457
4.075430
4.076406
4.077385
4.078367
4.079352
4.080339
4.081329
4.082322
4.083318
4.084317
4.085318
4.086322
4.087329
4.088338
4.089351
4.090366
4.091384
4.092404
4.093427
4.094453
4.095482
4.096513
4.097547
4.098583
4.099623
4.100664
4.101709
4.102756
4.103806
4.104858
4.105913
4.106971
4.108031
4.109093
4.110159
4.111226
4.112297
4.113370
4.114445
4.115523
4.116603
4.117686
4.118772
4.119860
4.120950
4.122043
4.123138
4.124236
4.125336
4.126438
4.127543
4.128651
4.129760
4.130872
4.131986
4.133103
4.134222
4.135343
4.136467
4.137593
4.138721
4.139852
4.140985
4.142120
4.143257
4.144396
4.145538
4.146682
4.147828
4.148976
4.150126
4.151279
4.152433
4.153590
4.154748
4.155909
4.157072
4.158237
4.159404
4.160573
4.161744
4.162918
4.164092
4.165269
4.166448
4.167629
4.168812
4.169997
4.171183
4.172372
4.173562
4.174754
4.175948
4.177144
4.178342
4.179541
4.180742
4.181945
4.183150
4.184356
4.185564
4.186774
4.187985
4.189198
4.190413
4.191629
4.192847
4.194066
4.195287
4.196510
4.197734
4.198959
4.200186
4.201415
4.202645
4.203876
4.205109
4.206343
4.207579
4.208815
4.210054
4.211293
4.212534
4.213776
4.215019
4.216264
4.217510
4.218757
4.220005
4.221254
4.222504
4.223756
4.225009
4.226262
4.227517
4.228773
4.230029
4.231287
4.232546
4.233806
4.235066
4.236328
4.237590
4.238853
4.240117
4.241382
4.242647
4.243914
4.245181
4.246449
4.247717
4.248986
4.250256
4.251527
4.252798
4.254069
4.255341
4.256614
4.257887
4.259161
4.260435
4.261710
4.262985
4.264260
4.265536
4.266812
4.268088
4.269365
4.270641
4.271919
4.273196
4.274473
4.275751
4.277029
4.278307
4.279584
4.280862
4.282140
4.283418
4.284696
4.285974
4.287252
4.288529
4.289807
4.291084
4.292362
4.293638
4.294915
4.296192
4.297468
4.298743
4.300019
4.301294
4.302568
4.303842
4.305116
4.306389
4.307662
4.308934
4.310205
4.311476
4.312746
4.314016
4.315285
4.316553
4.317820
4.319086
4.320352
4.321617
4.322881
4.324144
4.325406
4.326667
4.327927
4.329186
4.330443
4.331700
4.332956
4.334210
4.335464
4.336716
4.337966
4.339216
4.340464
4.341711
4.342956
4.344200
4.345443
4.346684
4.347923
4.349161
4.350398
4.351633
4.352866
4.354097
4.355327
4.356555
4.357781
4.359006
4.360228
4.361449
4.362668
4.363885
4.365099
4.366312
4.367523
4.368732
4.369938
4.371143
4.372345
4.373545
4.374743
4.375938
4.377132
4.378323
4.379511
4.380697
4.381881
4.383062
4.384240
4.385416
4.386590
4.387761
4.388929
4.390094
4.391257
4.392417
4.393574
4.394729
4.395880
4.397029
4.398174
4.399317
4.400456
4.401593
4.402726
4.403857
4.404984
4.406108
4.407229
4.408346
4.409460
4.410571
4.411679
4.412783
4.413884
4.414981
4.416075
4.417165
4.418251
4.419334
4.420414
4.421489
4.422561
4.423629
4.424693
4.425754
4.426810
4.427863
4.428912
4.429957
4.430997
4.432034
4.433067
4.434095
4.435120
4.436140
4.437156
4.438167
4.439175
4.440178
4.441176
4.442171
4.443160
4.444146
4.445126
4.446103
4.447074
4.448041
4.449004
4.449961
4.450914
4.451863
4.452806
4.453745
4.454678
