COM_X
-0.000725
-0.000058
0.000606
0.001267
0.001926
0.002582
0.003236
0.003887
0.004536
0.005182
0.005826
0.006467
0.007106
0.007742
0.008375
0.009006
0.009635
0.010260
0.010884
0.011505
0.012123
0.012739
0.013353
0.013964
0.014572
0.015178
0.015781
0.016382
0.016981
0.017577
0.018171
0.018762
0.019350
0.019936
0.020520
0.021101
0.021680
0.022257
0.022830
0.023402
0.023971
0.024537
0.025102
0.025663
0.026223
0.026779
0.027334
0.027886
0.028435
0.028983
0.029527
0.030070
0.030610
0.031147
0.031683
0.032215
0.032746
0.033274
0.033800
0.034323
0.034844
0.035362
0.035879
0.036393
0.036904
0.037413
0.037920
0.038424
0.038926
0.039426
0.039924
0.040419
0.040912
0.041402
0.041890
0.042376
0.042859
0.043341
0.043820
0.044296
0.044770
0.045242
0.045712
0.046180
0.046645
0.047108
0.047568
0.048027
0.048483
0.048936
0.049388
0.049837
0.050284
0.050729
0.051172
0.051612
0.052050
0.052486
0.052920
0.053351
0.053780
0.054207
0.054632
0.055055
0.055475
0.055893
0.056309
0.056723
0.057134
0.057544
0.057951
0.058356
0.058759
0.059160
0.059558
0.059955
0.060349
0.060741
0.061131
0.061519
0.061905
0.062288
0.062670
0.063049
0.063426
0.063801
0.064174
0.064545
0.064914
0.065280
0.065645
0.066007
0.066368
0.066726
0.067082
0.067436
0.067789
0.068139
0.068487
0.068832
0.069176
0.069518
0.069858
0.070196
0.070531
0.070865
0.071197
0.071526
0.071854
0.072179
0.072503
0.072825
0.073144
0.073462
0.073777
0.074091
0.074403
0.074712
0.075020
0.075326
0.075629
0.075931
0.076231
0.076529
0.076825
0.077119
0.077411
0.077701
0.077989
0.078276
0.078560
0.078842
0.079123
0.079402
0.079678
0.079953
0.080226
0.080497
0.080767
0.081034
0.081299
0.081563
0.081825
0.082085
0.082343
0.082599
0.082853
0.083106
0.083356
0.083605
0.083852
0.084097
0.084341
0.084582
0.084822
0.085060
0.085296
0.085530
0.085763
0.085994
0.086223
0.086450
0.086675
0.086899
0.087121
0.087341
0.087560
0.087776
0.087991
0.088205
0.088416
0.088626
0.088834
0.089040
0.089245
0.089448
0.089649
0.089849
0.090047
0.090243
0.090438
0.090630
0.090822
0.091011
0.091199
0.091385
0.091570
0.091753
0.091934
0.092114
0.092292
0.092468
0.092643
0.092816
0.092988
0.093158
0.093326
0.093493
0.093658
0.093822
0.093984
0.094144
0.094303
0.094460
0.094616
0.094770
0.094923
0.095074
0.095224
0.095372
0.095519
0.095664
0.095807
0.095949
0.096090
0.096229
0.096367
0.096503
0.096637
0.096770
0.096902
0.097032
0.097161
0.097288
0.097414
0.097539
0.097662
0.097783
0.097903
0.098022
0.098139
0.098255
0.098370
0.098483
0.098595
0.098705
0.098814
0.098921
0.099028
0.099133
0.099236
0.099338
0.099439
0.099538
0.099637
0.099733
0.099829
0.099923
0.100016
0.100108
0.100198
0.100287
0.100375
0.100461
0.100546
0.100630
0.100713
0.100794
0.100874
0.100953
0.101031
0.101107
0.101183
0.101257
0.101329
0.101401
0.101471
0.101540
0.101609
0.101675
0.101741
0.101805
0.101869
0.101931
0.101992
0.102052
0.102111
0.102168
0.102225
0.102280
0.102334
0.102387
0.102440
0.102490
0.102540
0.102589
0.102637
0.102684
0.102729
0.102774
0.102817
0.102860
0.102901
0.102942
0.102981
0.103020
0.103057
0.103093
0.103129
0.103163
0.103197
0.103229
0.103261
0.103291
0.103321
0.103349
0.103377
0.103404
0.103430
0.103455
0.103479
0.103502
0.103524
0.103546
0.103566
0.103586
0.103605
0.103622
0.103639
0.103656
0.103671
0.103686
0.103699
0.103712
0.103724
0.103736
0.103746
0.103756
0.103765
0.103773
0.103781
0.103787
0.103793
0.103798
0.103803
0.103806
0.103809
0.103812
0.103813
0.103814
0.103815
0.103814
0.103813
0.103811
0.103809
0.103806
0.103802
0.103798
0.103793
0.103787
0.103781
0.103774
0.103767
0.103759
0.103750
0.103741
0.103731
0.103721
0.103710
0.103699
0.103687
0.103675
0.103662
0.103649
0.103635
0.103621
0.103606
0.103591
0.103575
0.103559
0.103542
0.103525
0.103507
0.103490
0.103471
0.103453
0.103434
0.103414
0.103394
0.103374
0.103354
0.103333
0.103311
0.103290
0.103268
0.103246
0.103223
0.103201
0.103177
0.103154
0.103131
0.103107
0.103083
0.103058
0.103034
0.103009
0.102984
0.102959
0.102933
0.102908
0.102882
0.102856
0.102830
0.102804
0.102778
0.102751
0.102725
0.102698
0.102671
0.102645
0.102618
0.102591
0.102564
0.102537
0.102509
0.102482
0.102455
0.102428
0.102401
0.102374
0.102347
0.102319
0.102292
0.102265
0.102239
0.102212
0.102185
0.102158
0.102132
0.102105
0.102079
0.102053
0.102027
0.102001
0.101975
0.101950
0.101924
0.101899
0.101874
0.101850
0.101825
0.101801
0.101777
0.101753
0.101730
0.101707
0.101684
0.101661
0.101639
0.101617
0.101595
0.101574
0.101553
0.101533
0.101513
0.101493
0.101474
0.101455
0.101437
0.101419
0.101401
0.101384
0.101368
0.101351
0.101336
0.101321
0.101306
0.101292
0.101279
0.101266
0.101254
0.101242
0.101231
0.101220
0.101210
0.101201
0.101192
0.101184
0.101177
0.101170
0.101164
0.101159
0.101154
0.101150
0.101147
0.101145
0.101143
0.101143
0.101143
0.101143
0.101145
0.101147
0.101151
0.101155
0.101160
0.101166
0.101172
0.101180
0.101189
0.101198
0.101209
0.101220
0.101232
0.101246
0.101260
0.101275
0.101292
0.101309
0.101327
0.101347
0.101367
0.101389
0.101412
0.101436
0.101461
0.101487
0.101514
0.101543
0.101572
0.101603
0.101635
0.101668
0.101703
0.101738
0.101775
0.101814
0.101853
0.101894
0.101936
0.101980
0.102024
0.102071
0.102118
0.102167
0.102217
0.102269
0.102322
0.102377
0.102433
0.102491
0.102550
0.102610
0.102672
0.102736
0.102801
0.102868
0.102936
0.103006
0.103077
0.103150
0.103225
0.103301
0.103379
0.103459
0.103540
0.103623
0.103708
0.103795
0.103883
0.103973
0.104065
0.104158
0.104254
0.104351
0.104450
0.104551
0.104654
0.104758
0.104865
0.104973
0.105084
0.105196
0.105310
0.105427
0.105545
0.105665
0.105788
0.105912
0.106038
0.106167
0.106297
0.106430
0.106565
0.106702
0.106841
0.106982
0.107125
0.107271
0.107419
0.107569
0.107721
0.107876
0.108032
0.108191
0.108353
0.108516
0.108682
0.108851
0.109022
0.109195
0.109370
0.109548
0.109729
0.109912
0.110097
0.110285
0.110475
0.110668
0.110863
0.111061
0.111261
0.111464
0.111670
0.111878
0.112089
0.112303
0.112519
0.112738
0.112959
0.113184
0.113411
0.113640
0.113873
0.114108
0.114346
0.114587
0.114831
0.115077
0.115327
0.115579
0.115834
0.116092
0.116354
0.116618
0.116884
0.117154
0.117427
0.117703
0.117982
0.118264
0.118549
0.118838
0.119129
0.119423
0.119721
0.120021
0.120325
0.120632
0.120942
0.121256
0.121572
0.121892
0.122216
0.122542
0.122872
0.123205
0.123541
0.123881
0.124224
0.124571
0.124921
0.125274
0.125631
0.125991
0.126355
0.126722
0.127093
0.127467
0.127845
0.128226
0.128611
0.128999
0.129391
0.129787
0.130187
0.130590
0.130996
0.131407
0.131821
0.132239
0.132660
0.133086
0.133515
0.133948
0.134384
0.134825
0.135269
0.135718
0.136170
0.136626
0.137086
0.137550
0.138017
0.138489
0.138965
0.139445
0.139929
0.140416
0.140908
0.141404
0.141904
0.142408
0.142917
0.143429
0.143946
0.144466
0.144991
0.145520
0.146053
0.146591
0.147133
0.147679
0.148229
0.148784
0.149343
0.149906
0.150473
0.151045
0.151622
0.152203
0.152788
0.153377
0.153971
0.154570
0.155173
0.155780
0.156392
0.157009
0.157630
0.158255
0.158886
0.159520
0.160160
0.160804
0.161452
0.162105
0.162763
0.163426
0.164093
0.164765
0.165442
0.166124
0.166810
0.167501
0.168197
0.168897
0.169603
0.170313
0.171028
0.171748
0.172473
0.173203
0.173937
0.174677
0.175421
0.176171
0.176925
0.177685
0.178449
0.179219
0.179993
0.180773
0.181557
0.182347
0.183141
0.183941
0.184746
0.185556
0.186371
0.187191
0.188017
0.188848
0.189683
0.190524
0.191371
0.192222
0.193079
0.193941
0.194808
0.195680
0.196558
0.197441
0.198330
0.199223
0.200122
0.201027
0.201937
0.202852
0.203772
0.204698
0.205630
0.206566
0.207509
0.208456
0.209409
0.210368
0.211332
0.212302
0.213277
0.214257
0.215243
0.216235
0.217232
0.218235
0.219243
0.220257
0.221276
0.222301
0.223332
0.224368
0.225410
0.226458
0.227511
0.228570
0.229634
0.230704
0.231780
0.232861
0.233949
0.235041
0.236140
0.237244
0.238354
0.239470
0.240592
0.241719
0.242852
0.243990
0.245135
0.246285
0.247441
0.248603
0.249771
0.250944
0.252123
0.253309
0.254499
0.255696
0.256899
0.258107
0.259321
0.260541
0.261767
0.262999
0.264237
0.265480
0.266729
0.267985
0.269246
0.270513
0.271786
0.273064
0.274349
0.275639
0.276936
0.278238
0.279546
0.280860
0.282180
0.283506
0.284838
0.286176
0.287520
0.288869
0.290225
0.291586
0.292953
0.294326
0.295706
0.297091
0.298482
0.299878
0.301281
0.302690
0.304104
0.305525
0.306951
0.308384
0.309822
0.311266
0.312716
0.314172
0.315634
0.317102
0.318575
0.320055
0.321540
0.323031
0.324528
0.326031
0.327540
0.329055
0.330575
0.332102
0.333634
0.335172
0.336716
0.338266
0.339822
0.341383
0.342950
0.344523
0.346102
0.347687
0.349277
0.350873
0.352475
0.354083
0.355696
0.357316
0.358940
0.360571
0.362207
0.363849
0.365497
0.367151
0.368810
0.370474
0.372145
0.373821
0.375503
0.377190
0.378883
0.380581
0.382285
0.383995
0.385710
0.387431
0.389157
0.390889
0.392626
0.394369
0.396117
0.397871
0.399630
0.401394
0.403164
0.404940
0.406720
0.408506
0.410298
0.412094
0.413897
0.415704
0.417517
0.419334
0.421157
0.422986
0.424819
0.426658
0.428502
0.430351
0.432205
0.434064
0.435929
0.437798
0.439673
0.441552
0.443436
0.445326
