COM_Y
-0.501284
-0.501084
-0.500883
-0.500682
-0.500480
-0.500278
-0.500075
-0.499871
-0.499667
-0.499463
-0.499258
-0.499052
-0.498846
-0.498640
-0.498432
-0.498225
-0.498017
-0.497808
-0.497599
-0.497389
-0.497179
-0.496968
-0.496757
-0.496545
-0.496333
-0.496120
-0.495907
-0.495693
-0.495479
-0.495265
-0.495050
-0.494834
-0.494618
-0.494401
-0.494184
-0.493967
-0.493749
-0.493530
-0.493312
-0.493092
-0.492872
-0.492652
-0.492431
-0.492210
-0.491989
-0.491767
-0.491544
-0.491321
-0.491098
-0.490874
-0.490650
-0.490425
-0.490200
-0.489974
-0.489749
-0.489522
-0.489295
-0.489068
-0.488840
-0.488612
-0.488384
-0.488155
-0.487926
-0.487696
-0.487466
-0.487236
-0.487005
-0.486773
-0.486542
-0.486310
-0.486077
-0.485844
-0.485611
-0.485377
-0.485143
-0.484909
-0.484674
-0.484439
-0.484204
-0.483968
-0.483731
-0.483495
-0.483258
-0.483020
-0.482783
-0.482545
-0.482306
-0.482067
-0.481828
-0.481589
-0.481349
-0.481109
-0.480868
-0.480627
-0.480386
-0.480144
-0.479902
-0.479660
-0.479418
-0.479175
-0.478931
-0.478688
-0.478444
-0.478200
-0.477955
-0.477710
-0.477465
-0.477220
-0.476974
-0.476728
-0.476481
-0.476234
-0.475987
-0.475740
-0.475492
-0.475244
-0.474996
-0.474747
-0.474498
-0.474249
-0.474000
-0.473750
-0.473500
-0.473249
-0.472999
-0.472748
-0.472497
-0.472245
-0.471993
-0.471741
-0.471489
-0.471236
-0.470983
-0.470730
-0.470477
-0.470223
-0.469969
-0.469715
-0.469460
-0.469205
-0.468950
-0.468695
-0.468439
-0.468184
-0.467927
-0.467671
-0.467414
-0.467158
-0.466901
-0.466643
-0.466386
-0.466128
-0.465870
-0.465611
-0.465353
-0.465094
-0.464835
-0.464576
-0.464316
-0.464056
-0.463796
-0.463536
-0.463276
-0.463015
-0.462754
-0.462493
-0.462232
-0.461970
-0.461708
-0.461446
-0.461184
-0.460922
-0.460659
-0.460396
-0.460133
-0.459870
-0.459606
-0.459343
-0.459079
-0.458815
-0.458550
-0.458286
-0.458021
-0.457756
-0.457491
-0.457226
-0.456960
-0.456694
-0.456429
-0.456162
-0.455896
-0.455630
-0.455363
-0.455096
-0.454829
-0.454562
-0.454295
-0.454027
-0.453759
-0.453491
-0.453223
-0.452955
-0.452686
-0.452418
-0.452149
-0.451880
-0.451611
-0.451341
-0.451072
-0.450802
-0.450532
-0.450262
-0.449992
-0.449722
-0.449451
-0.449181
-0.448910
-0.448639
-0.448368
-0.448096
-0.447825
-0.447553
-0.447282
-0.447010
-0.446738
-0.446465
-0.446193
-0.445921
-0.445648
-0.445375
-0.445102
-0.444829
-0.444556
-0.444283
-0.444009
-0.443735
-0.443462
-0.443188
-0.442914
-0.442640
-0.442365
-0.442091
-0.441816
-0.441541
-0.441267
-0.440992
-0.440717
-0.440441
-0.440166
-0.439891
-0.439615
-0.439339
-0.439063
-0.438787
-0.438511
-0.438235
-0.437959
-0.437682
-0.437406
-0.437129
-0.436852
-0.436575
-0.436298
-0.436021
-0.435744
-0.435467
-0.435189
-0.434912
-0.434634
-0.434356
-0.434078
-0.433800
-0.433522
-0.433244
-0.432966
-0.432687
-0.432409
-0.432130
-0.431852
-0.431573
-0.431294
-0.431015
-0.430736
-0.430457
-0.430177
-0.429898
-0.429618
-0.429339
-0.429059
-0.428779
-0.428500
-0.428220
-0.427940
-0.427660
-0.427379
-0.427099
-0.426819
-0.426538
-0.426258
-0.425977
-0.425697
-0.425416
-0.425135
-0.424854
-0.424573
-0.424292
-0.424011
-0.423729
-0.423448
-0.423167
-0.422885
-0.422604
-0.422322
-0.422040
-0.421759
-0.421477
-0.421195
-0.420913
-0.420631
-0.420349
-0.420066
-0.419784
-0.419502
-0.419219
-0.418937
-0.418654
-0.418372
-0.418089
-0.417806
-0.417523
-0.417240
-0.416958
-0.416675
-0.416391
-0.416108
-0.415825
-0.415542
-0.415259
-0.414975
-0.414692
-0.414408
-0.414125
-0.413841
-0.413557
-0.413274
-0.412990
-0.412706
-0.412422
-0.412138
-0.411854
-0.411570
-0.411286
-0.411002
-0.410718
-0.410433
-0.410149
-0.409865
-0.409580
-0.409296
-0.409011
-0.408727
-0.408442
-0.408157
-0.407873
-0.407588
-0.407303
-0.407018
-0.406733
-0.406448
-0.406163
-0.405878
-0.405593
-0.405308
-0.405023
-0.404737
-0.404452
-0.404167
-0.403881
-0.403596
-0.403310
-0.403025
-0.402739
-0.402453
-0.402168
-0.401882
-0.401596
-0.401311
-0.401025
-0.400739
-0.400453
-0.400167
-0.399881
-0.399595
-0.399309
-0.399023
-0.398736
-0.398450
-0.398164
-0.397878
-0.397591
-0.397305
-0.397018
-0.396732
-0.396445
-0.396159
-0.395872
-0.395586
-0.395299
-0.395012
-0.394725
-0.394439
-0.394152
-0.393865
-0.393578
-0.393291
-0.393004
-0.392717
-0.392430
-0.392143
-0.391856
-0.391568
-0.391281
-0.390994
-0.390706
-0.390419
-0.390132
-0.389844
-0.389557
-0.389269
-0.388982
-0.388694
-0.388406
-0.388119
-0.387831
-0.387543
-0.387255
-0.386967
-0.386679
-0.386391
-0.386103
-0.385815
-0.385527
-0.385239
-0.384951
-0.384663
-0.384375
-0.384086
-0.383798
-0.383510
-0.383221
-0.382933
-0.382644
-0.382355
-0.382067
-0.381778
-0.381489
-0.381201
-0.380912
-0.380623
-0.380334
-0.380045
-0.379756
-0.379467
-0.379178
-0.378889
-0.378600
-0.378310
-0.378021
-0.377732
-0.377442
-0.377153
-0.376863
-0.376574
-0.376284
-0.375994
-0.375705
-0.375415
-0.375125
-0.374835
-0.374545
-0.374255
-0.373965
-0.373675
-0.373385
-0.373094
-0.372804
-0.372514
-0.372223
-0.371933
-0.371642
-0.371351
-0.371061
-0.370770
-0.370479
-0.370188
-0.369897
-0.369606
-0.369315
-0.369024
-0.368733
-0.368441
-0.368150
-0.367859
-0.367567
-0.367275
-0.366984
-0.366692
-0.366400
-0.366108
-0.365816
-0.365524
-0.365232
-0.364940
-0.364647
-0.364355
-0.364062
-0.363770
-0.363477
-0.363184
-0.362892
-0.362599
-0.362306
-0.362012
-0.361719
-0.361426
-0.361133
-0.360839
-0.360545
-0.360252
-0.359958
-0.359664
-0.359370
-0.359076
-0.358782
-0.358488
-0.358193
-0.357899
-0.357604
-0.357309
-0.357014
-0.356719
-0.356424
-0.356129
-0.355834
-0.355538
-0.355243
-0.354947
-0.354651
-0.354356
-0.354060
-0.353763
-0.353467
-0.353171
-0.352874
-0.352577
-0.352281
-0.351984
-0.351687
-0.351389
-0.351092
-0.350795
-0.350497
-0.350199
-0.349901
-0.349603
-0.349305
-0.349006
-0.348708
-0.348409
-0.348110
-0.347811
-0.347512
-0.347213
-0.346913
-0.346614
-0.346314
-0.346014
-0.345714
-0.345413
-0.345113
-0.344812
-0.344511
-0.344210
-0.343909
-0.343608
-0.343306
-0.343004
-0.342702
-0.342400
-0.342098
-0.341795
-0.341493
-0.341190
-0.340887
-0.340583
-0.340280
-0.339976
-0.339672
-0.339368
-0.339063
-0.338759
-0.338454
-0.338149
-0.337843
-0.337538
-0.337232
-0.336926
-0.336620
-0.336313
-0.336007
-0.335700
-0.335393
-0.335085
-0.334778
-0.334470
-0.334161
-0.333853
-0.333544
-0.333235
-0.332926
-0.332617
-0.332307
-0.331997
-0.331687
-0.331376
-0.331065
-0.330754
-0.330443
-0.330131
-0.329819
-0.329507
-0.329194
-0.328881
-0.328568
-0.328254
-0.327941
-0.327626
-0.327312
-0.326997
-0.326682
-0.326367
-0.326051
-0.325735
-0.325418
-0.325102
-0.324785
-0.324467
-0.324149
-0.323831
-0.323513
-0.323194
-0.322875
-0.322555
-0.322235
-0.321915
-0.321595
-0.321273
-0.320952
-0.320630
-0.320308
-0.319986
-0.319663
-0.319339
-0.319015
-0.318691
-0.318367
-0.318042
-0.317716
-0.317390
-0.317064
-0.316738
-0.316410
-0.316083
-0.315755
-0.315427
-0.315098
-0.314768
-0.314439
-0.314108
-0.313778
-0.313447
-0.313115
-0.312783
-0.312450
-0.312117
-0.311784
-0.311450
-0.311115
-0.310780
-0.310445
-0.310109
-0.309772
-0.309435
-0.309097
-0.308759
-0.308421
-0.308081
-0.307742
-0.307401
-0.307061
-0.306719
-0.306377
-0.306035
-0.305692
-0.305348
-0.305004
-0.304659
-0.304314
-0.303968
-0.303622
-0.303275
-0.302927
-0.302578
-0.302230
-0.301880
-0.301530
-0.301179
-0.300828
-0.300475
-0.300123
-0.299769
-0.299415
-0.299061
-0.298705
-0.298349
-0.297993
-0.297635
-0.297277
-0.296918
-0.296559
-0.296199
-0.295838
-0.295477
-0.295114
-0.294751
-0.294388
-0.294023
-0.293658
-0.293292
-0.292925
-0.292558
-0.292190
-0.291821
-0.291451
-0.291080
-0.290709
-0.290337
-0.289964
-0.289590
-0.289216
-0.288841
-0.288465
-0.288088
-0.287710
-0.287331
-0.286952
-0.286571
-0.286190
-0.285808
-0.285425
-0.285042
-0.284657
-0.284271
-0.283885
-0.283498
-0.283109
-0.282720
-0.282330
-0.281939
-0.281547
-0.281154
-0.280761
-0.280366
-0.279970
-0.279573
-0.279176
-0.278777
-0.278377
-0.277977
-0.277575
-0.277173
-0.276769
-0.276364
-0.275959
-0.275552
-0.275144
-0.274736
-0.274326
-0.273915
-0.273503
-0.273090
-0.272676
-0.272260
-0.271844
-0.271427
-0.271008
-0.270589
-0.270168
-0.269746
-0.269323
-0.268899
-0.268473
-0.268047
-0.267619
-0.267190
-0.266760
-0.266329
-0.265897
-0.265463
-0.265028
-0.264592
-0.264155
-0.263716
-0.263277
-0.262836
-0.262393
-0.261950
-0.261505
-0.261059
-0.260612
-0.260163
-0.259713
-0.259261
-0.258809
-0.258355
-0.257900
-0.257443
-0.256985
-0.256525
-0.256065
-0.255603
-0.255139
-0.254674
-0.254208
-0.253740
-0.253271
-0.252800
-0.252328
-0.251855
-0.251380
-0.250903
-0.250425
-0.249946
-0.249465
-0.248983
-0.248499
-0.248014
-0.247527
-0.247038
-0.246549
-0.246057
-0.245564
-0.245069
-0.244573
-0.244075
-0.243576
-0.243075
-0.242572
-0.242068
-0.241562
-0.241055
-0.240546
-0.240035
-0.239523
-0.239009
-0.238493
-0.237975
-0.237456
-0.236935
-0.236413
-0.235888
-0.235362
-0.234835
-0.234305
-0.233774
-0.233241
-0.232706
-0.232169
-0.231631
-0.231090
-0.230548
-0.230005
-0.229459
-0.228911
-0.228362
-0.227811
-0.227257
-0.226702
-0.226145
-0.225587
-0.225026
-0.224463
-0.223899
-0.223332
-0.222764
-0.222193
-0.221621
-0.221047
-0.220470
-0.219892
-0.219312
-0.218729
-0.218145
-0.217559
-0.216970
-0.216380
-0.215787
-0.215193
-0.214596
-0.213997
-0.213396
-0.212793
-0.212188
-0.211581
-0.210972
-0.210360
-0.209747
-0.209131
-0.208513
-0.207893
-0.207271
-0.206646
-0.206019
-0.205390
-0.204759
-0.204126
-0.203490
-0.202852
-0.202212
-0.201570
-0.200925
-0.200278
-0.199629
-0.198977
-0.198323
-0.197667
-0.197008
-0.196347
-0.195684
-0.195018
-0.194350
-0.193680
-0.193007
-0.192332
-0.191654
-0.190974
-0.190291
-0.189606
-0.188919
-0.188229
-0.187537
-0.186842
-0.186145
-0.185445
-0.184742
-0.184038
-0.183330
-0.182620
-0.181908
-0.181193
-0.180476
-0.179756
-0.179033
-0.178308
-0.177580
-0.176849
-0.176116
-0.175381
-0.174642
-0.173901
-0.173158
-0.172412
-0.171663
-0.170911
-0.170157
-0.169400
-0.168640
-0.167878
-0.167113
-0.166345
-0.165575
-0.164801
-0.164025
-0.163247
-0.162465
-0.161681
-0.160894
-0.160104
-0.159311
-0.158516
-0.157717
-0.156916
-0.156112
-0.155306
-0.154496
-0.153684
-0.152868
-0.152050
-0.151229
-0.150405
