3.263332e-03 1.144500e-02 -1.794451e-02
3.634088e-03 1.177698e-02 -1.768406e-02
3.255382e-03 1.250910e-02 -1.801945e-02
3.478762e-03 1.125147e-02 -1.745889e-02
2.935614e-03 1.198452e-02 -1.809665e-02
3.625409e-03 1.152108e-02 -1.783526e-02
3.226259e-03 1.146420e-02 -1.727604e-02
3.023997e-03 1.179086e-02 -1.791743e-02
3.677890e-03 1.133089e-02 -1.765587e-02
3.000131e-03 1.127645e-02 -1.769313e-02
2.920950e-03 1.120601e-02 -1.774022e-02
3.286335e-03 1.155227e-02 -1.777425e-02
3.367280e-03 1.108390e-02 -1.723019e-02
2.991176e-03 1.102154e-02 -1.785418e-02
3.016436e-03 1.097180e-02 -1.760490e-02
3.183973e-03 1.129795e-02 -1.736053e-02
2.736985e-03 1.085399e-02 -1.768402e-02
3.550082e-03 1.077934e-02 -1.773674e-02
2.492238e-03 1.111778e-02 -1.718716e-02
3.491659e-03 1.067388e-02 -1.782482e-02
2.637953e-03 1.060547e-02 -1.726656e-02
3.112397e-03 1.014235e-02 -1.732048e-02
2.832643e-03 1.127779e-02 -1.765804e-02
2.841799e-03 1.044224e-02 -1.740986e-02
3.299307e-03 9.970611e-03 -1.716247e-02
2.384027e-03 1.072557e-02 -1.749843e-02
2.936027e-03 1.022988e-02 -1.784418e-02
3.132165e-03 1.023844e-02 -1.670990e-02
2.726357e-03 1.011330e-02 -1.763747e-02
2.401334e-03 1.047763e-02 -1.739374e-02
3.244893e-03 9.649920e-03 -1.715485e-02
2.460518e-03 1.036440e-02 -1.718670e-02
2.983128e-03 9.936834e-03 -1.725679e-02
2.261412e-03 9.457710e-03 -1.727554e-02
2.973322e-03 1.016708e-02 -1.764812e-02
2.794169e-03 9.805575e-03 -1.709077e-02
2.589566e-03 9.662007e-03 -1.715228e-02
2.300646e-03 9.266667e-03 -1.688720e-02
2.806999e-03 9.978248e-03 -1.725898e-02
2.697630e-03 9.524320e-03 -1.730838e-02
2.487143e-03 9.471618e-03 -1.734784e-02
2.891796e-03 9.458709e-03 -1.680713e-02
2.004039e-03 9.363219e-03 -1.685743e-02
2.756166e-03 8.517147e-03 -1.751397e-02
2.371098e-03 1.008700e-02 -1.756242e-02
2.820456e-03 8.783318e-03 -1.583676e-02
2.073612e-03 9.183839e-03 -1.826399e-02
2.584956e-03 9.111736e-03 -1.594649e-02
2.327264e-03 8.645848e-03 -1.835044e-02
2.595199e-03 9.442331e-03 -1.550377e-02
2.203483e-03 8.548898e-03 -1.844417e-02
2.436483e-03 8.506434e-03 -1.558447e-02
2.306403e-03 9.236054e-03 -1.801071e-02
2.477303e-03 8.048997e-03 -1.685311e-02
2.002361e-03 8.752127e-03 -1.633924e-02
2.569123e-03 9.090680e-03 -1.697989e-02
2.146966e-03 7.845519e-03 -1.764364e-02
2.041918e-03 8.648185e-03 -1.649459e-02
2.626595e-03 8.507316e-03 -1.656552e-02
1.835443e-03 8.140194e-03 -1.721382e-02
2.714943e-03 8.504365e-03 -1.669310e-02
1.923232e-03 7.559038e-03 -1.672717e-02
1.876474e-03 8.793552e-03 -1.739196e-02
2.435748e-03 7.518236e-03 -1.626022e-02
2.075401e-03 8.307987e-03 -1.691841e-02
1.901581e-03 7.758796e-03 -1.696094e-02
2.544214e-03 8.221294e-03 -1.646323e-02
1.585214e-03 7.372605e-03 -1.709061e-02
2.259540e-03 8.015434e-03 -1.598070e-02
2.037154e-03 7.676037e-03 -1.779991e-02
2.210151e-03 7.186551e-03 -1.609295e-02
1.584005e-03 7.984846e-03 -1.675578e-02
2.257240e-03 7.484173e-03 -1.682411e-02
1.745116e-03 7.446217e-03 -1.685359e-02
2.353780e-03 7.453180e-03 -1.635754e-02
1.638258e-03 7.354119e-03 -1.698137e-02
1.936255e-03 6.907309e-03 -1.647867e-02
1.968787e-03 7.263232e-03 -1.595454e-02
2.041930e-03 7.732036e-03 -1.720490e-02
1.356716e-03 6.711141e-03 -1.719930e-02
2.055000e-03 7.197199e-03 -1.615869e-02
2.230164e-03 6.294398e-03 -1.620301e-02
1.516554e-03 7.495600e-03 -1.686759e-02
1.724585e-03 6.996536e-03 -1.690998e-02
1.777925e-03 6.167568e-03 -1.579890e-02
1.468430e-03 7.365804e-03 -1.704548e-02
2.184803e-03 6.545891e-03 -1.652837e-02
1.533923e-03 6.031257e-03 -1.657516e-02
1.910923e-03 7.577035e-03 -1.612222e-02
1.775624e-03 5.623931e-03 -1.613003e-02
1.272753e-03 6.761933e-03 -1.734177e-02
1.699269e-03 6.264908e-03 -1.682103e-02
2.074419e-03 6.619885e-03 -1.523829e-02
1.231552e-03 5.850675e-03 -1.696798e-02
1.714374e-03 6.209101e-03 -1.703255e-02
1.534341e-03 6.175361e-03 -1.597514e-02
1.687135e-03 6.376197e-03 -1.603337e-02
1.642522e-03 5.373719e-03 -1.664795e-02
1.217500e-03 6.763334e-03 -1.677430e-02
1.693077e-03 5.618357e-03 -1.620192e-02
1.601716e-03 5.580465e-03 -1.630201e-02
1.199482e-03 5.851190e-03 -1.637853e-02
1.818825e-03 5.897745e-03 -1.642970e-02
1.188474e-03 5.458463e-03 -1.594572e-02
1.790871e-03 5.737899e-03 -1.710316e-02
9.568362e-04 5.383782e-03 -1.607118e-02
2.008767e-03 5.348024e-03 -1.558986e-02
1.045859e-03 6.094670e-03 -1.735094e-02
1.299432e-03 4.877720e-03 -1.568982e-02
1.324478e-03 5.147616e-03 -1.689934e-02
1.548037e-03 5.282830e-03 -1.584103e-02
1.225345e-03 5.467721e-03 -1.596008e-02
1.400424e-03 4.727729e-03 -1.651788e-02
1.288126e-03 5.478239e-03 -1.658088e-02
1.227619e-03 4.741628e-03 -1.563710e-02
1.452549e-03 5.316731e-03 -1.730315e-02
1.377588e-03 4.585555e-03 -1.510555e-02
9.757019e-04 4.935908e-03 -1.638671e-02
1.010435e-03 4.902526e-03 -1.749418e-02
1.424349e-03 4.079092e-03 -1.479878e-02
1.320405e-03 5.324291e-03 -1.651925e-02
1.182894e-03 4.303989e-03 -1.610316e-02
5.210048e-04 4.854010e-03 -1.726983e-02
1.607034e-03 3.942615e-03 -1.505649e-02
1.459572e-03 4.297405e-03 -1.623588e-02
7.721687e-04 5.147136e-03 -1.690095e-02
1.173986e-03 3.738339e-03 -1.532714e-02
9.731459e-04 4.288459e-03 -1.701771e-02
1.198094e-03 4.161250e-03 -1.546638e-02
1.126165e-03 4.617903e-03 -1.611592e-02
9.825283e-04 3.695612e-03 -1.663743e-02
8.783941e-04 3.665882e-03 -1.568041e-02
8.005988e-04 4.519870e-03 -1.634503e-02
1.646625e-03 3.695798e-03 -1.577436e-02
5.563035e-04 3.959011e-03 -1.644864e-02
9.405359e-04 3.530164e-03 -1.647870e-02
1.185510e-03 3.599065e-03 -1.501625e-02
4.996265e-04 3.961768e-03 -1.713348e-02
1.289744e-03 3.439357e-03 -1.559322e-02
7.230517e-04 3.493759e-03 -1.638815e-02
1.391135e-03 3.768486e-03 -1.568591e-02
-1.312923e-06 3.157286e-03 -1.640905e-02
1.762925e-03 3.297507e-03 -1.536217e-02
-4.615798e-05 3.375742e-03 -1.718520e-02
1.467573e-03 3.743546e-03 -1.496317e-02
3.133804e-04 2.533595e-03 -1.658560e-02
1.125996e-03 3.169971e-03 -1.633352e-02
4.613309e-04 3.370715e-03 -1.571423e-02
1.371802e-03 2.829969e-03 -1.535960e-02
6.984112e-05 2.686485e-03 -1.742396e-02
1.514864e-03 3.667132e-03 -1.448333e-02
-6.894273e-05 1.955346e-03 -1.711269e-02
1.003935e-03 3.108398e-03 -1.604653e-02
7.583374e-04 3.066861e-03 -1.529545e-02
9.728448e-04 2.258444e-03 -1.618706e-02
5.679394e-04 2.732408e-03 -1.630973e-02
-2.436342e-04 2.600530e-03 -1.602072e-02
1.395267e-03 2.671733e-03 -1.537402e-02
6.050663e-04 1.624540e-03 -1.660666e-02
4.345307e-04 3.525821e-03 -1.618259e-02
5.048080e-04 1.584689e-03 -1.558247e-02
8.058559e-04 2.277654e-03 -1.585354e-02
5.825820e-04 2.419227e-03 -1.633631e-02
9.371841e-04 1.983277e-03 -1.542414e-02
-2.535111e-04 2.096140e-03 -1.650307e-02
9.733587e-04 2.063166e-03 -1.534034e-02
5.675549e-04 2.026358e-03 -1.639996e-02
-3.552627e-05 1.876645e-03 -1.609232e-02
6.096418e-04 1.324973e-03 -1.565114e-02
8.341166e-04 2.603817e-03 -1.598388e-02
3.082977e-05 1.134768e-03 -1.606229e-02
1.057744e-03 1.905603e-03 -1.573369e-02
-1.143572e-04 1.972847e-03 -1.570062e-02
5.460621e-05 9.476897e-04 -1.668047e-02
1.220866e-03 1.934057e-03 -1.511278e-02
-8.986339e-05 1.266108e-03 -1.697831e-02
7.100607e-04 1.097508e-03 -1.481754e-02
-4.965730e-04 1.863401e-03 -1.679614e-02
1.297119e-03 7.989928e-04 -1.507915e-02
1.367825e-04 1.403219e-03 -1.628243e-02
2.258438e-04 1.403345e-03 -1.653659e-02
-3.696947e-04 4.622216e-04 -1.480017e-02
9.864328e-04 1.709060e-03 -1.675742e-02
-4.943844e-04 8.083584e-04 -1.595456e-02
4.982092e-04 5.123016e-04 -1.544955e-02
1.419355e-03 1.247305e-03 -1.624499e-02
-9.505983e-04 7.107730e-04 -1.554244e-02
4.111475e-04 9.798930e-04 -1.607689e-02
2.648021e-04 2.496915e-04 -1.592121e-02
-6.539623e-05 9.139381e-04 -1.581163e-02
3.753238e-04 2.236211e-04 -1.651784e-02
4.865875e-05 7.281658e-04 -1.497428e-02
1.840679e-04 4.266957e-04 -1.631118e-02
2.906918e-04 3.106148e-04 -1.604487e-02
-1.340922e-04 6.215957e-04 -1.584002e-02
-2.462350e-05 2.594928e-04 -1.575204e-02
1.025339e-03 -6.761446e-05 -1.590711e-02
-1.258583e-03 1.914285e-04 -1.573676e-02
2.155637e-04 2.989782e-04 -1.649458e-02
7.662782e-04 2.896073e-04 -1.570283e-02
-1.006948e-03 -6.659035e-04 -1.556895e-02
1.236083e-03 6.085804e-04 -1.600839e-02
-8.603649e-04 -7.262172e-04 -1.630821e-02
4.184756e-05 3.537144e-04 -1.566673e-02
5.527003e-04 -3.980306e-04 -1.565284e-02
-1.014156e-03 -6.312422e-04 -1.589633e-02
1.043445e-03 -1.397056e-04 -1.586826e-02
-1.995953e-03 -8.135920e-04 -1.678030e-02
1.473101e-03 1.893149e-04 -1.469081e-02
-5.664417e-04 -7.350289e-04 -1.680261e-02
1.224351e-04 -7.419905e-04 -1.551523e-02
5.096839e-05 -6.510795e-04 -1.587790e-02
2.198679e-04 -8.091769e-04 -1.511998e-02
-1.972993e-03 -2.373269e-04 -1.780783e-02
8.911734e-04 -1.300833e-03 -1.463816e-02
-1.044864e-04 -1.072051e-03 -1.572626e-02
7.360529e-04 -2.571568e-05 -1.628944e-02
-1.398712e-03 -1.499252e-03 -1.613847e-02
-1.493486e-03 -1.307370e-03 -1.572226e-02
1.918972e-03 -1.093212e-03 -1.597832e-02
-1.583036e-03 -9.567719e-04 -1.591384e-02
9.369064e-04 -1.513819e-03 -1.527288e-02
-1.069731e-03 -1.234908e-03 -1.633637e-02
1.837404e-04 -9.261019e-04 -1.639446e-02
-5.640849e-04 -1.531369e-03 -1.543029e-02
-2.349483e-03 -1.671107e-03 -1.658141e-02
1.558186e-03 -1.405372e-03 -1.520132e-02
1.966162e-04 -1.623274e-03 -1.610781e-02
-1.795724e-03 -1.994767e-03 -1.712075e-02
9.182352e-04 -1.261792e-03 -1.420695e-02
-4.633483e-04 -1.447075e-03 -1.632261e-02
-8.010241e-04 -2.472032e-03 -1.577975e-02
-1.813130e-03 -1.518124e-03 -1.692180e-02
7.741328e-04 -1.922628e-03 -1.508249e-02
-6.299066e-04 -1.979903e-03 -1.680603e-02
-7.627871e-04 -2.151596e-03 -1.569948e-02
-8.151452e-05 -2.211202e-03 -1.556889e-02
6.596839e-04 -2.231418e-03 -1.563096e-02
-1.372256e-03 -1.850967e-03 -1.689157e-02
-2.851739e-03 -2.385500e-03 -1.561517e-02
2.175517e-03 -2.005405e-03 -1.546165e-02
-1.383375e-03 -3.042965e-03 -1.739236e-02
-6.607607e-04 -2.160142e-03 -1.402728e-02
-9.869507e-04 -2.101486e-03 -1.768075e-02
5.525530e-04 -3.446052e-03 -1.456713e-02
-1.637211e-03 -2.139360e-03 -1.702628e-02
-1.434336e-03 -2.459129e-03 -1.609229e-02
1.160765e-03 -3.200279e-03 -1.576214e-02
-2.764034e-03 -2.454096e-03 -1.625609e-02
5.903031e-04 -2.950515e-03 -1.563404e-02
5.710775e-04 -3.093940e-03 -1.603087e-02
-3.300094e-03 -2.857554e-03 -1.593184e-02
6.713405e-04 -3.178578e-03 -1.577421e-02
-4.647099e-04 -2.817215e-03 -1.653546e-02
-1.997248e-03 -3.124311e-03 -1.632368e-02
-3.997668e-04 -3.201276e-03 -1.531727e-02
5.765867e-04 -3.692547e-03 -1.657512e-02
-1.843625e-03 -2.808576e-03 -1.562363e-02
-2.013187e-03 -3.686541e-03 -1.610294e-02
2.043815e-04 -3.274758e-03 -1.724457e-02
-1.291072e-03 -3.684991e-03 -1.489659e-02
8.151819e-04 -3.413449e-03 -1.635373e-02
-2.800430e-03 -4.069537e-03 -1.608161e-02
6.091199e-04 -3.230106e-03 -1.621677e-02
-1.282575e-03 -3.600594e-03 -1.572763e-02
-1.358434e-03 -3.957736e-03 -1.667934e-02
-2.408398e-03 -4.192063e-03 -1.571272e-02
8.105806e-04 -3.277826e-03 -1.684106e-02
1.485761e-04 -4.338678e-03 -1.453020e-02
-3.543957e-03 -4.032076e-03 -1.773064e-02
7.752439e-04 -3.946883e-03 -1.470943e-02
-2.271145e-03 -4.080554e-03 -1.750464e-02
-5.479959e-04 -4.756902e-03 -1.638558e-02
-1.980196e-03 -3.952456e-03 -1.524378e-02
8.392153e-04 -4.039965e-03 -1.552540e-02
-2.167917e-03 -4.381079e-03 -1.730278e-02
-1.910729e-03 -4.566964e-03 -1.590455e-02
6.345782e-04 -4.324113e-03 -1.667597e-02
-1.607467e-03 -5.008120e-03 -1.532413e-02
-1.825807e-03 -4.511553e-03 -1.660823e-02
-1.260061e-03 -4.635531e-03 -1.545630e-02
-1.045261e-03 -4.757218e-03 -1.818777e-02
-7.294869e-04 -4.345434e-03 -1.469237e-02
-4.129948e-04 -5.422523e-03 -1.629108e-02
-3.532234e-03 -4.827169e-03 -1.648277e-02
4.946297e-04 -4.870267e-03 -1.682296e-02
-1.892793e-03 -4.807131e-03 -1.564591e-02
-2.404621e-04 -5.208628e-03 -1.642422e-02
-2.796139e-03 -5.262447e-03 -1.650548e-02
1.221966e-04 -5.006032e-03 -1.512166e-02
-2.714492e-03 -5.308241e-03 -1.785845e-02
2.188266e-04 -5.707990e-03 -1.478696e-02
-2.487953e-03 -4.951985e-03 -1.794088e-02
-1.699276e-03 -6.042938e-03 -1.524826e-02
-6.592953e-04 -4.406366e-03 -1.659145e-02
-2.064109e-03 -6.731876e-03 -1.652360e-02
-1.236378e-03 -5.033114e-03 -1.692278e-02
-2.202493e-03 -5.509123e-03 -1.535827e-02
-4.570236e-04 -5.910128e-03 -1.689113e-02
-7.248062e-05 -6.231976e-03 -1.637468e-02
-1.933348e-03 -5.641290e-03 -1.558319e-02
-3.300735e-03 -5.626051e-03 -1.705139e-02
-1.063664e-03 -5.874068e-03 -1.672649e-02
3.510848e-04 -6.590930e-03 -1.612418e-02
-5.491810e-03 -5.631735e-03 -1.735497e-02
2.218257e-03 -6.335919e-03 -1.501015e-02
-1.799122e-03 -6.038695e-03 -1.599840e-02
-3.551384e-03 -6.489780e-03 -1.779587e-02
-3.881880e-04 -6.063675e-03 -1.619848e-02
-3.145317e-03 -6.927110e-03 -1.742940e-02
-6.441718e-04 -5.798999e-03 -1.449102e-02
-2.151300e-03 -6.661323e-03 -1.752375e-02
-1.163302e-03 -7.112567e-03 -1.750153e-02
6.828980e-04 -6.101259e-03 -1.478019e-02
-4.818357e-03 -6.961639e-03 -1.757649e-02
-1.775618e-03 -6.531191e-03 -1.689388e-02
5.447512e-04 -6.903372e-03 -1.531367e-02
-4.606953e-03 -6.763211e-03 -1.731999e-02
-6.528653e-04 -7.127671e-03 -1.692213e-02
-7.747681e-04 -6.798715e-03 -1.567108e-02
-2.088870e-03 -7.366216e-03 -1.730421e-02
-1.850635e-03 -7.129773e-03 -1.680520e-02
-3.028907e-03 -6.440934e-03 -1.561012e-02
-4.865783e-05 -8.031292e-03 -1.723843e-02
-4.920598e-03 -7.056189e-03 -1.721671e-02
9.902556e-04 -7.223208e-03 -1.610850e-02
-3.883730e-03 -7.850869e-03 -1.712422e-02
5.282772e-04 -7.168141e-03 -1.608633e-02
-4.561166e-03 -7.226525e-03 -1.717086e-02
-1.213892e-03 -7.775087e-03 -1.656784e-02
-1.951911e-03 -7.852225e-03 -1.640695e-02
-1.400637e-03 -7.629190e-03 -1.714321e-02
1.171912e-05 -7.598178e-03 -1.654895e-02
-4.002070e-03 -7.681667e-03 -1.636857e-02
-3.142436e-03 -8.405631e-03 -1.798577e-02
-2.649941e-03 -7.620336e-03 -1.596016e-02
-1.323087e-03 -7.976140e-03 -1.697728e-02
-1.457700e-04 -8.429125e-03 -1.675506e-02
-3.771377e-03 -8.111644e-03 -1.757963e-02
-2.547119e-03 -8.192310e-03 -1.468941e-02
-8.239226e-04 -7.773849e-03 -1.901081e-02
-3.370016e-03 -8.726321e-03 -1.629163e-02
-1.320302e-03 -8.371249e-03 -1.680819e-02
-2.617535e-03 -8.207492e-03 -1.678025e-02
-2.591078e-03 -8.609825e-03 -1.675220e-02
-1.789862e-03 -8.520228e-03 -1.796144e-02
-1.845178e-03 -9.067482e-03 -1.552087e-02
-3.508725e-03 -8.353044e-03 -1.850331e-02
-1.229523e-03 -8.643767e-03 -1.604745e-02
-3.438860e-03 -8.611728e-03 -1.676351e-02
-2.726072e-04 -9.435151e-03 -1.823431e-02
-4.672976e-03 -8.374634e-03 -1.520721e-02
-1.845706e-03 -8.903243e-03 -1.867222e-02
-1.941530e-03 -9.938941e-03 -1.548562e-02
-1.297595e-03 -8.229276e-03 -1.842757e-02
-5.642166e-03 -9.582302e-03 -1.690172e-02
-7.446321e-04 -8.917232e-03 -1.734135e-02
-3.820040e-04 -9.578795e-03 -1.591294e-02
-6.983736e-03 -9.602544e-03 -1.871838e-02
7.042297e-04 -8.879972e-03 -1.621787e-02
-4.362346e-03 -9.665124e-03 -1.741289e-02
9.227754e-04 -9.877637e-03 -1.607884e-02
-5.239858e-03 -9.152261e-03 -1.764571e-02
-3.289210e-03 -9.875945e-03 -1.799316e-02
5.375713e-06 -9.899498e-03 -1.814202e-02
-4.833052e-03 -9.369054e-03 -1.561303e-02
-1.473145e-03 -1.013419e-02 -1.793427e-02
-4.352443e-03 -9.715168e-03 -1.589816e-02
-7.737686e-04 -1.016279e-02 -1.879711e-02
-5.794744e-03 -9.772798e-03 -1.744410e-02
2.021537e-03 -1.042267e-02 -1.691218e-02
-7.279705e-03 -1.018067e-02 -1.649432e-02
1.901676e-04 -9.916053e-03 -1.818993e-02
-4.124552e-03 -1.026019e-02 -1.744203e-02
-3.646824e-03 -1.058534e-02 -1.794064e-02
7.362756e-04 -1.024472e-02 -1.545185e-02
-7.224813e-03 -1.082201e-02 -1.943041e-02
-1.508956e-04 -1.002377e-02 -1.737855e-02
-2.764512e-03 -1.078715e-02 -1.621776e-02
-4.599048e-03 -1.098216e-02 -1.780264e-02
-3.408184e-03 -9.943856e-03 -1.831288e-02
6.299481e-04 -1.162079e-02 -1.593317e-02
-5.472636e-03 -1.061461e-02 -1.887366e-02
-3.133966e-03 -1.081149e-02 -1.743695e-02
-2.345458e-03 -1.089260e-02 -1.712980e-02
-4.653110e-03 -1.102118e-02 -1.881875e-02
-2.142726e-03 -1.125024e-02 -1.612684e-02
-9.809607e-04 -1.102405e-02 -1.791738e-02
-6.192137e-03 -1.117667e-02 -1.801588e-02
-9.127777e-04 -1.127209e-02 -1.753435e-02
-5.056580e-03 -1.143404e-02 -1.738546e-02
-2.284559e-03 -1.141742e-02 -1.835091e-02
-2.473453e-03 -1.146395e-02 -1.699285e-02
-3.789321e-03 -1.139178e-02 -1.822762e-02
-3.749423e-03 -1.183322e-02 -1.706433e-02
-9.490874e-04 -1.184214e-02 -1.861967e-02
-7.623108e-03 -1.124177e-02 -1.727773e-02
-4.925657e-04 -1.194821e-02 -1.860774e-02
-2.224493e-03 -1.182244e-02 -1.721628e-02
-6.760375e-03 -1.192531e-02 -1.734007e-02
8.624926e-04 -1.203128e-02 -1.886130e-02
-5.617129e-03 -1.226202e-02 -1.840360e-02
-5.999240e-03 -1.185036e-02 -1.651203e-02
-1.843914e-04 -1.226532e-02 -1.761938e-02
-2.772088e-03 -1.214289e-02 -1.860530e-02
-4.395308e-03 -1.206837e-02 -1.754250e-02
-3.945152e-03 -1.285926e-02 -1.858925e-02
-3.805485e-03 -1.197894e-02 -1.837035e-02
-3.229657e-03 -1.283930e-02 -1.851456e-02
-5.842648e-03 -1.232455e-02 -1.589135e-02
-6.683540e-05 -1.259204e-02 -2.055771e-02
-6.909838e-03 -1.244849e-02 -1.599273e-02
3.483521e-04 -1.327230e-02 -1.894033e-02
-6.320708e-03 -1.246318e-02 -1.836749e-02
-3.806632e-03 -1.302539e-02 -1.789791e-02
-2.993672e-03 -1.278169e-02 -1.795184e-02
-2.784793e-03 -1.299502e-02 -1.876887e-02
-5.133330e-03 -1.310373e-02 -1.792943e-02
-4.204493e-03 -1.333948e-02 -1.870302e-02
-1.568780e-03 -1.305201e-02 -1.765288e-02
-4.282741e-03 -1.330896e-02 -1.894920e-02
-5.322361e-03 -1.318657e-02 -1.834674e-02
-3.527170e-03 -1.344929e-02 -1.637562e-02
-4.727926e-03 -1.334853e-02 -2.100316e-02
-2.405461e-03 -1.340119e-02 -1.703086e-02
-4.125421e-03 -1.386351e-02 -1.833430e-02
-6.419587e-03 -1.319988e-02 -1.867313e-02
-1.198063e-03 -1.417956e-02 -1.791241e-02
-3.283280e-03 -1.372341e-02 -1.947392e-02
-7.529390e-03 -1.379188e-02 -1.805789e-02
-2.543437e-04 -1.366478e-02 -1.787347e-02
-6.736846e-03 -1.413375e-02 -1.949128e-02
-4.059474e-03 -1.398975e-02 -1.773216e-02
-1.542704e-03 -1.430911e-02 -1.897882e-02
-5.650929e-03 -1.412401e-02 -1.901118e-02
-5.486652e-03 -1.351724e-02 -1.780895e-02
-2.738691e-03 -1.489542e-02 -1.879592e-02
-6.917498e-03 -1.473450e-02 -1.997578e-02
2.822467e-04 -1.391790e-02 -1.609887e-02
-8.375051e-03 -1.436845e-02 -2.128395e-02
-1.481015e-03 -1.479482e-02 -1.724771e-02
-5.527947e-03 -1.433306e-02 -1.862769e-02
-7.518034e-03 -1.516381e-02 -1.965679e-02
-1.032875e-04 -1.446294e-02 -1.829772e-02
-4.526361e-03 -1.476416e-02 -1.835243e-02
-6.488613e-03 -1.502086e-02 -2.067523e-02
-3.882237e-03 -1.486069e-02 -1.705950e-02
-5.635832e-03 -1.502605e-02 -2.039403e-02
-2.978257e-03 -1.484999e-02 -1.703875e-02
-5.209752e-03 -1.552270e-02 -2.034679e-02
-2.256466e-03 -1.521536e-02 -1.919782e-02
-6.659106e-03 -1.510821e-02 -1.792846e-02
-6.139748e-03 -1.482813e-02 -2.024327e-02
-3.778343e-03 -1.618879e-02 -1.771462e-02
-9.648349e-04 -1.518314e-02 -2.013299e-02
-9.811540e-03 -1.540677e-02 -1.777711e-02
-2.425224e-03 -1.590793e-02 -2.112389e-02
-6.904915e-03 -1.519152e-02 -1.645508e-02
-1.864232e-03 -1.643148e-02 -2.103922e-02
-6.053750e-03 -1.500768e-02 -1.868869e-02
-3.659035e-03 -1.678562e-02 -2.087201e-02
-7.398832e-03 -1.493464e-02 -1.635438e-02
-3.005994e-03 -1.677511e-02 -2.194879e-02
-4.509011e-03 -1.606169e-02 -1.726503e-02
-9.049028e-03 -1.526046e-02 -1.959953e-02
4.524485e-04 -1.714552e-02 -2.064861e-02
-8.036409e-03 -1.613941e-02 -1.834571e-02
-5.612410e-03 -1.586010e-02 -1.939569e-02
-5.393373e-03 -1.681373e-02 -2.057512e-02
-2.517112e-03 -1.605833e-02 -1.820934e-02
-6.826892e-03 -1.680803e-02 -2.041272e-02
-4.334655e-03 -1.714624e-02 -1.922135e-02
-6.102707e-03 -1.588600e-02 -1.792677e-02
-3.282543e-03 -1.672460e-02 -2.042924e-02
-1.050563e-02 -1.748235e-02 -2.137267e-02
-2.215275e-05 -1.619298e-02 -1.797810e-02
-5.279687e-03 -1.752269e-02 -2.003547e-02
-8.728202e-03 -1.650638e-02 -1.904810e-02
-4.121791e-03 -1.748984e-02 -2.125883e-02
-5.905559e-03 -1.684918e-02 -1.880417e-02
-3.731384e-03 -1.715080e-02 -2.000787e-02
-5.117263e-03 -1.772495e-02 -1.886887e-02
-7.066727e-03 -1.675567e-02 -1.988327e-02
-6.966057e-03 -1.771615e-02 -2.104985e-02
-4.628826e-03 -1.731129e-02 -1.861874e-02
-3.857863e-03 -1.791571e-02 -1.976115e-02
-8.185262e-03 -1.725007e-02 -2.093663e-02
-3.286738e-03 -1.808143e-02 -2.096535e-02
-7.182277e-03 -1.746449e-02 -1.730169e-02
-5.166450e-03 -1.788445e-02 -2.083372e-02
-4.823347e-03 -1.817983e-02 -2.198354e-02
-8.382968e-03 -1.726599e-02 -1.826183e-02
-3.782172e-03 -1.841446e-02 -1.959898e-02
-8.519078e-03 -1.838152e-02 -2.183527e-02
-2.724313e-03 -1.778187e-02 -1.832342e-02
-7.463640e-03 -1.805873e-02 -2.055906e-02
-5.010004e-03 -1.887379e-02 -2.177408e-02
-8.813745e-03 -1.803277e-02 -1.809723e-02
-2.243433e-03 -1.900843e-02 -2.296093e-02
-1.020551e-02 -1.747965e-02 -1.791797e-02
-1.150226e-03 -1.928490e-02 -2.075726e-02
-8.001994e-03 -1.838772e-02 -2.023393e-02
-9.494989e-03 -1.894298e-02 -2.147898e-02
-1.986299e-03 -1.850757e-02 -1.933035e-02
-9.212551e-03 -1.895279e-02 -2.014730e-02
-4.527420e-03 -1.914690e-02 -2.160459e-02
-7.615863e-03 -1.862233e-02 -2.018618e-02
-3.509517e-03 -1.916494e-02 -1.913793e-02
-1.047768e-02 -1.968517e-02 -2.245309e-02
-4.122378e-03 -1.838571e-02 -1.895731e-02
-5.293497e-03 -1.963997e-02 -2.153042e-02
-8.880748e-03 -1.957429e-02 -2.243808e-02
-5.439706e-03 -1.885826e-02 -1.759083e-02
-6.765414e-03 -1.959215e-02 -2.260412e-02
-7.735325e-03 -1.965742e-02 -2.001990e-02
-3.341800e-03 -2.020933e-02 -2.024483e-02
-1.133686e-02 -1.856460e-02 -2.207973e-02
-2.379230e-03 -2.041635e-02 -1.893386e-02
-8.551324e-03 -1.977069e-02 -2.237385e-02
-6.693060e-03 -2.004939e-02 -1.994769e-02
-8.258268e-03 -1.966653e-02 -2.227107e-02
-3.225012e-03 -2.025980e-02 -2.004850e-02
-9.526842e-03 -1.985040e-02 -2.091903e-02
-7.379174e-03 -2.027379e-02 -2.008477e-02
-4.666469e-03 -2.014268e-02 -2.223645e-02
-8.631211e-03 -2.075992e-02 -2.093411e-02
-7.135180e-03 -2.039152e-02 -2.220222e-02
-7.442149e-03 -1.978710e-02 -1.871236e-02
-5.836244e-03 -2.095367e-02 -2.228661e-02
-9.899645e-03 -2.055740e-02 -2.196548e-02
-2.793185e-03 -2.090380e-02 -2.117228e-02
-1.157158e-02 -2.059804e-02 -2.084539e-02
-3.476909e-03 -2.051836e-02 -2.006638e-02
-1.136766e-02 -2.093572e-02 -2.298968e-02
-3.105510e-03 -2.109950e-02 -1.996304e-02
-9.717150e-03 -2.113041e-02 -2.339176e-02
-8.286841e-03 -2.061566e-02 -1.951830e-02
-4.940612e-03 -2.171603e-02 -2.123733e-02
-1.038129e-02 -2.103724e-02 -2.311249e-02
-5.729135e-03 -2.164904e-02 -2.100257e-02
-6.487227e-03 -2.079450e-02 -2.103544e-02
-8.826918e-03 -2.176485e-02 -2.187118e-02
-8.834388e-03 -2.093686e-02 -2.084719e-02
-6.718079e-03 -2.229676e-02 -2.241414e-02
-7.646970e-03 -2.167627e-02 -2.191924e-02
-6.980900e-03 -2.173580e-02 -2.135081e-02
-9.901341e-03 -2.132850e-02 -2.173199e-02
-7.394181e-03 -2.222443e-02 -2.213115e-02
-8.439395e-03 -2.166691e-02 -2.088694e-02
-5.955343e-03 -2.243486e-02 -2.217767e-02
-7.596914e-03 -2.167571e-02 -2.259201e-02
-1.169983e-02 -2.221092e-02 -2.151032e-02
-5.108467e-03 -2.253174e-02 -2.123142e-02
-9.702166e-03 -2.225480e-02 -2.338716e-02
-3.276251e-03 -2.229548e-02 -2.002513e-02
-1.412811e-02 -2.216338e-02 -2.420726e-02
-8.027085e-03 -2.291078e-02 -2.094201e-02
-4.193874e-03 -2.239319e-02 -2.138386e-02
-1.134522e-02 -2.279396e-02 -2.337083e-02
-9.649392e-03 -2.236866e-02 -2.186973e-02
-3.671944e-03 -2.333920e-02 -2.150060e-02
-1.406439e-02 -2.243032e-02 -2.301908e-02
-4.771867e-03 -2.317018e-02 -2.251631e-02
-9.503471e-03 -2.291233e-02 -2.115869e-02
-7.119103e-03 -2.326386e-02 -2.376117e-02
-1.199763e-02 -2.319061e-02 -2.205771e-02
-7.301295e-03 -2.331814e-02 -2.248806e-02
-6.375120e-03 -2.273537e-02 -2.123451e-02
-1.283909e-02 -2.404046e-02 -2.326645e-02
-6.477995e-03 -2.334261e-02 -2.270843e-02
-8.390296e-03 -2.333361e-02 -2.265452e-02
-9.773781e-03 -2.362797e-02 -2.228344e-02
-1.073992e-02 -2.361679e-02 -2.246558e-02
-5.135551e-03 -2.409852e-02 -2.269150e-02
-1.295298e-02 -2.350034e-02 -2.242871e-02
-6.365232e-03 -2.383808e-02 -2.278431e-02
-1.164567e-02 -2.426271e-02 -2.372068e-02
-6.868749e-03 -2.377022e-02 -2.152253e-02
-9.436229e-03 -2.444426e-02 -2.410407e-02
-1.048006e-02 -2.391486e-02 -2.111773e-02
-8.940332e-03 -2.406959e-02 -2.434051e-02
-8.459834e-03 -2.458429e-02 -2.287052e-02
-1.150833e-02 -2.410491e-02 -2.243547e-02
-7.289286e-03 -2.480274e-02 -2.325350e-02
-1.136037e-02 -2.454723e-02 -2.283692e-02
-7.529591e-03 -2.490543e-02 -2.442881e-02
-1.401374e-02 -2.429633e-02 -2.113363e-02
-3.614540e-03 -2.455520e-02 -2.273902e-02
-1.365924e-02 -2.529645e-02 -2.492447e-02
-8.801270e-03 -2.448490e-02 -2.240732e-02
-1.083562e-02 -2.539540e-02 -2.391230e-02
-7.607142e-03 -2.490605e-02 -2.388776e-02
-1.212812e-02 -2.516222e-02 -2.137723e-02
-9.827630e-03 -2.503316e-02 -2.482817e-02
-8.340229e-03 -2.571731e-02 -2.244768e-02
-1.150570e-02 -2.491400e-02 -2.447688e-02
-8.449721e-03 -2.563939e-02 -2.337736e-02
-1.289228e-02 -2.557975e-02 -2.164665e-02
-6.954866e-03 -2.527271e-02 -2.550394e-02
-1.420335e-02 -2.585897e-02 -2.290418e-02
-6.491639e-03 -2.588462e-02 -2.459470e-02
-1.515691e-02 -2.539623e-02 -2.246310e-02
-5.805639e-03 -2.614689e-02 -2.342376e-02
-1.295718e-02 -2.561344e-02 -2.432702e-02
-1.044732e-02 -2.632398e-02 -2.331655e-02
-7.770004e-03 -2.627682e-02 -2.420995e-02
-1.377651e-02 -2.576115e-02 -2.465333e-02
-1.017236e-02 -2.638082e-02 -2.231372e-02
-1.167752e-02 -2.669118e-02 -2.532078e-02
-1.029353e-02 -2.594784e-02 -2.314634e-02
-1.068903e-02 -2.653306e-02 -2.445343e-02
-8.767064e-03 -2.611734e-02 -2.311421e-02
-1.225413e-02 -2.723817e-02 -2.498057e-02
-1.316487e-02 -2.643638e-02 -2.427944e-02
-8.807381e-03 -2.700072e-02 -2.359554e-02
-1.091617e-02 -2.647827e-02 -2.389536e-02
-1.467704e-02 -2.720293e-02 -2.448647e-02
-7.423025e-03 -2.682395e-02 -2.370683e-02
-1.242329e-02 -2.690113e-02 -2.500669e-02
-1.269627e-02 -2.731011e-02 -2.423412e-02
-1.052522e-02 -2.743471e-02 -2.413696e-02
-1.093937e-02 -2.693061e-02 -2.503906e-02
-1.115820e-02 -2.742864e-02 -2.299449e-02
-1.406350e-02 -2.745779e-02 -2.648367e-02
-1.130076e-02 -2.769996e-02 -2.346343e-02
-9.275676e-03 -2.724732e-02 -2.443968e-02
-1.273125e-02 -2.784973e-02 -2.454718e-02
-1.424628e-02 -2.725719e-02 -2.440897e-02
-9.126884e-03 -2.851917e-02 -2.494783e-02
-1.162379e-02 -2.774501e-02 -2.601622e-02
-1.373862e-02 -2.745958e-02 -2.274946e-02
-1.183882e-02 -2.857426e-02 -2.498296e-02
-1.092214e-02 -2.773308e-02 -2.607989e-02
-1.532073e-02 -2.795433e-02 -2.398165e-02
-1.066058e-02 -2.886814e-02 -2.576186e-02
-1.173075e-02 -2.789760e-02 -2.363686e-02
-1.141455e-02 -2.824415e-02 -2.498331e-02
-1.462810e-02 -2.903216e-02 -2.597674e-02
-1.168402e-02 -2.819373e-02 -2.489101e-02
-1.191341e-02 -2.839274e-02 -2.592661e-02
-1.174223e-02 -2.876028e-02 -2.334683e-02
-1.554429e-02 -2.910901e-02 -2.660055e-02
-1.100154e-02 -2.889352e-02 -2.402340e-02
-1.311556e-02 -2.859210e-02 -2.548948e-02
-1.298637e-02 -2.887171e-02 -2.390288e-02
-1.247917e-02 -2.955439e-02 -2.894086e-02
-1.462753e-02 -2.860768e-02 -2.215950e-02
-1.187259e-02 -2.975828e-02 -2.754726e-02
-1.389199e-02 -2.844684e-02 -2.357253e-02
-1.143605e-02 -3.019932e-02 -2.638595e-02
-1.411207e-02 -2.912499e-02 -2.566744e-02
-1.420139e-02 -2.944697e-02 -2.399723e-02
-1.153933e-02 -2.960034e-02 -2.748965e-02
-1.510439e-02 -2.982668e-02 -2.607795e-02
-1.295996e-02 -2.959414e-02 -2.435259e-02
-1.478951e-02 -2.961571e-02 -2.489587e-02
-1.563679e-02 -3.025840e-02 -2.817536e-02
-9.019688e-03 -2.950603e-02 -2.513914e-02
-1.412305e-02 -3.048082e-02 -2.291971e-02
-1.754390e-02 -3.009622e-02 -2.936808e-02
-1.372979e-02 -2.989289e-02 -2.464426e-02
-1.150842e-02 -3.036874e-02 -2.744847e-02
-1.599218e-02 -3.021486e-02 -2.350832e-02
-1.200624e-02 -3.063343e-02 -2.769262e-02
-1.322613e-02 -3.034010e-02 -2.369245e-02
-1.805293e-02 -3.044168e-02 -2.962638e-02
-9.298007e-03 -3.081973e-02 -2.269775e-02
-1.947464e-02 -3.035204e-02 -2.765334e-02
-1.263360e-02 -3.103141e-02 -2.785679e-02
-1.490764e-02 -3.085110e-02 -2.284464e-02
-1.355452e-02 -3.125032e-02 -2.856116e-02
-1.808883e-02 -3.047707e-02 -2.647250e-02
-1.240699e-02 -3.125872e-02 -2.688595e-02
-1.183846e-02 -3.096427e-02 -2.332244e-02
-2.049494e-02 -3.172859e-02 -2.915161e-02
-1.215661e-02 -3.074277e-02 -2.665719e-02
-1.416250e-02 -3.156563e-02 -2.429056e-02
-1.745012e-02 -3.144853e-02 -2.864939e-02
-1.415200e-02 -3.141438e-02 -2.614685e-02
-1.511075e-02 -3.187428e-02 -2.627468e-02
-1.375022e-02 -3.124034e-02 -2.571010e-02
-2.016069e-02 -3.226266e-02 -2.817856e-02
-1.307623e-02 -3.141771e-02 -2.843879e-02
-1.224789e-02 -3.233797e-02 -2.282210e-02
-1.920065e-02 -3.133672e-02 -2.859255e-02
-1.537023e-02 -3.229563e-02 -2.671616e-02
-1.621887e-02 -3.227996e-02 -2.860958e-02
-1.487909e-02 -3.200539e-02 -2.596222e-02
-1.482649e-02 -3.198112e-02 -2.537251e-02
-1.912193e-02 -3.272500e-02 -2.914716e-02
-1.649852e-02 -3.217576e-02 -2.750856e-02
-1.321078e-02 -3.261729e-02 -2.437735e-02
-1.548415e-02 -3.248953e-02 -2.822008e-02
-2.013895e-02 -3.278802e-02 -2.972527e-02
-1.499844e-02 -3.235329e-02 -2.484250e-02
-1.439746e-02 -3.301626e-02 -2.676308e-02
-2.044446e-02 -3.295879e-02 -3.004689e-02
-1.246188e-02 -3.258898e-02 -2.345156e-02
-1.859221e-02 -3.316750e-02 -2.971231e-02
-1.792421e-02 -3.313759e-02 -2.803054e-02
-1.749083e-02 -3.277979e-02 -2.651476e-02
-1.420736e-02 -3.354851e-02 -2.765923e-02
-1.830170e-02 -3.295457e-02 -2.754049e-02
-1.962980e-02 -3.354561e-02 -2.816273e-02
-1.293794e-02 -3.363729e-02 -2.671536e-02
-1.776533e-02 -3.325900e-02 -2.708344e-02
-2.038901e-02 -3.364403e-02 -2.953054e-02
-1.598875e-02 -3.369446e-02 -2.701996e-02
-1.615500e-02 -3.359697e-02 -2.740926e-02
-2.249944e-02 -3.364266e-02 -2.920362e-02
-1.030735e-02 -3.424947e-02 -2.450885e-02
-2.342652e-02 -3.400840e-02 -3.244382e-02
-1.660195e-02 -3.366626e-02 -2.481414e-02
-1.821244e-02 -3.408969e-02 -2.912271e-02
-1.687084e-02 -3.413312e-02 -2.712694e-02
-1.906806e-02 -3.449893e-02 -2.893348e-02
-1.771167e-02 -3.387616e-02 -2.807938e-02
-1.863006e-02 -3.477419e-02 -2.741226e-02
-1.909996e-02 -3.408817e-02 -2.882919e-02
-1.655561e-02 -3.488814e-02 -2.787880e-02
-2.162294e-02 -3.422305e-02 -2.918873e-02
-1.869850e-02 -3.474731e-02 -2.802267e-02
-1.398261e-02 -3.456894e-02 -2.650869e-02
-2.578144e-02 -3.511553e-02 -3.149017e-02
-1.332553e-02 -3.444690e-02 -2.577126e-02
-2.104208e-02 -3.564743e-02 -3.021191e-02
-1.583653e-02 -3.437818e-02 -2.561617e-02
-2.571076e-02 -3.517289e-02 -3.258898e-02
-1.336228e-02 -3.581019e-02 -2.584592e-02
-2.112158e-02 -3.441161e-02 -2.795422e-02
-2.399625e-02 -3.567018e-02 -3.110367e-02
-1.376243e-02 -3.507820e-02 -2.885380e-02
-2.028016e-02 -3.590414e-02 -2.661440e-02
-2.337829e-02 -3.496647e-02 -2.907086e-02
-1.764665e-02 -3.579369e-02 -3.017927e-02
-2.096553e-02 -3.553540e-02 -2.773437e-02
-1.570301e-02 -3.624136e-02 -2.923925e-02
-2.471111e-02 -3.527295e-02 -2.799130e-02
-1.685539e-02 -3.593407e-02 -3.000061e-02
-2.414987e-02 -3.588590e-02 -2.955743e-02
-1.841702e-02 -3.651554e-02 -2.739787e-02
-2.023474e-02 -3.529577e-02 -3.035437e-02
-2.169267e-02 -3.672674e-02 -2.898625e-02
-1.976342e-02 -3.565177e-02 -2.911518e-02
-2.092267e-02 -3.684084e-02 -2.831989e-02
-2.014839e-02 -3.586178e-02 -2.944199e-02
-2.251277e-02 -3.662691e-02 -2.963377e-02
-2.077908e-02 -3.642949e-02 -3.058708e-02
-2.111659e-02 -3.682665e-02 -2.708844e-02
-2.210211e-02 -3.634199e-02 -3.051771e-02
-1.864560e-02 -3.671563e-02 -2.935707e-02
-2.145010e-02 -3.669100e-02 -2.936887e-02
-2.796656e-02 -3.659791e-02 -2.952778e-02
-1.580389e-02 -3.718702e-02 -3.005905e-02
-1.971083e-02 -3.713892e-02 -2.729126e-02
-2.650456e-02 -3.696016e-02 -3.177752e-02
-2.316641e-02 -3.705470e-02 -3.028896e-02
-1.514780e-02 -3.700230e-02 -2.700718e-02
-3.045531e-02 -3.707305e-02 -3.169774e-02
-1.437325e-02 -3.763346e-02 -2.871430e-02
-2.613036e-02 -3.736998e-02 -2.993624e-02
-2.591348e-02 -3.704605e-02 -3.142846e-02
-1.781930e-02 -3.783828e-02 -2.808794e-02
-2.142889e-02 -3.733921e-02 -3.035044e-02
-2.540870e-02 -3.822527e-02 -2.931294e-02
-2.528516e-02 -3.711031e-02 -3.129744e-02
-1.714606e-02 -3.771535e-02 -2.843897e-02
-2.812444e-02 -3.828924e-02 -3.163719e-02
-2.076601e-02 -3.727611e-02 -2.898802e-02
-2.422055e-02 -3.850646e-02 -3.052725e-02
-2.036448e-02 -3.757670e-02 -2.972181e-02
-3.202021e-02 -3.843486e-02 -3.163315e-02
-1.517924e-02 -3.761719e-02 -2.803403e-02
-2.774043e-02 -3.870123e-02 -3.222559e-02
-2.359626e-02 -3.831786e-02 -2.806217e-02
-2.255007e-02 -3.798538e-02 -3.294430e-02
-2.331594e-02 -3.873287e-02 -2.743706e-02
-2.631237e-02 -3.825768e-02 -3.307701e-02
-2.245698e-02 -3.867837e-02 -2.907328e-02
-2.683712e-02 -3.875421e-02 -3.101659e-02
-2.177507e-02 -3.836290e-02 -2.966678e-02
-2.567269e-02 -3.895077e-02 -3.056296e-02
-2.149919e-02 -3.869588e-02 -3.073785e-02
-2.935662e-02 -3.898489e-02 -3.112528e-02
-2.178379e-02 -3.902597e-02 -3.000854e-02
-2.474905e-02 -3.853365e-02 -3.126714e-02
-2.856346e-02 -3.956543e-02 -2.997338e-02
-2.480496e-02 -3.790376e-02 -3.157234e-02
-2.443945e-02 -4.034651e-02 -3.102540e-02
-2.432987e-02 -3.927985e-02 -2.878160e-02
-2.778898e-02 -3.871926e-02 -3.279156e-02
-2.357960e-02 -3.945682e-02 -3.034575e-02
-2.787275e-02 -3.921981e-02 -3.079228e-02
-1.917450e-02 -4.036650e-02 -3.089031e-02
-3.590420e-02 -3.855692e-02 -3.103832e-02
-1.832725e-02 -4.022819e-02 -3.033013e-02
-3.520191e-02 -3.904076e-02 -3.237863e-02
-1.779575e-02 -4.030866e-02 -2.993675e-02
-3.114224e-02 -3.914785e-02 -3.187613e-02
-2.155916e-02 -4.043881e-02 -3.006441e-02
-3.034870e-02 -3.941320e-02 -3.251126e-02
-2.985025e-02 -3.995006e-02 -3.020071e-02
-2.124336e-02 -4.077154e-02 -3.100029e-02
-2.957907e-02 -3.927818e-02 -3.178073e-02
-2.923455e-02 -4.054902e-02 -3.138921e-02
-2.486246e-02 -3.950390e-02 -3.105496e-02
-2.868108e-02 -4.098108e-02 -3.169399e-02
-2.863826e-02 -3.966661e-02 -3.095392e-02
-2.432540e-02 -4.077534e-02 -3.136024e-02
-2.804434e-02 -4.028452e-02 -3.161798e-02
-2.820070e-02 -4.098899e-02 -3.142163e-02
-3.166982e-02 -3.984001e-02 -3.149589e-02
-2.339090e-02 -4.095386e-02 -3.209850e-02
-3.152549e-02 -4.001279e-02 -3.089214e-02
-2.713763e-02 -4.144458e-02 -3.095267e-02
-3.110427e-02 -4.022926e-02 -3.277960e-02
-2.228181e-02 -4.128920e-02 -3.059998e-02
-3.096571e-02 -4.054855e-02 -3.270869e-02
-3.465939e-02 -4.050534e-02 -3.138560e-02
-2.584535e-02 -4.150524e-02 -3.127424e-02
-2.584639e-02 -4.104361e-02 -3.258659e-02
-2.981727e-02 -4.068176e-02 -3.081536e-02
-3.383367e-02 -4.120170e-02 -3.200749e-02
-2.954247e-02 -4.115683e-02 -3.307350e-02
-2.897122e-02 -4.123475e-02 -3.076462e-02
-2.490182e-02 -4.167456e-02 -3.137010e-02
-3.291866e-02 -4.118561e-02 -3.284698e-02
-3.273597e-02 -4.077078e-02 -3.219665e-02
-2.416164e-02 -4.223056e-02 -3.069576e-02
-3.671551e-02 -4.069624e-02 -3.317927e-02
-2.779179e-02 -4.239441e-02 -3.114355e-02
-3.190858e-02 -4.089312e-02 -3.294605e-02
-2.339249e-02 -4.221510e-02 -3.119245e-02
-3.977610e-02 -4.111052e-02 -3.341660e-02
-2.305634e-02 -4.223652e-02 -3.096783e-02
-3.942092e-02 -4.120708e-02 -3.199405e-02
-2.686160e-02 -4.208227e-02 -3.299270e-02
-3.482298e-02 -4.190555e-02 -3.238006e-02
-2.627460e-02 -4.198720e-02 -3.096560e-02
-3.455333e-02 -4.183616e-02 -3.354094e-02
-2.997623e-02 -4.186921e-02 -3.134964e-02
-3.433359e-02 -4.256214e-02 -3.265387e-02
-2.951830e-02 -4.200456e-02 -3.228372e-02
-3.378464e-02 -4.203781e-02 -3.217240e-02
-3.331434e-02 -4.202492e-02 -3.284619e-02
-2.932262e-02 -4.200389e-02 -3.225447e-02
-3.296425e-02 -4.275841e-02 -3.260419e-02
-3.298499e-02 -4.244019e-02 -3.203721e-02
-3.693026e-02 -4.205613e-02 -3.221378e-02
-2.820201e-02 -4.273443e-02 -3.310837e-02
-3.242017e-02 -4.258583e-02 -3.170478e-02
-3.628563e-02 -4.166218e-02 -3.370616e-02
-3.196986e-02 -4.368482e-02 -3.119027e-02
-3.592391e-02 -4.113497e-02 -3.405965e-02
-3.149979e-02 -4.350376e-02 -3.159773e-02
-3.547695e-02 -4.320679e-02 -3.301617e-02
-3.135544e-02 -4.185756e-02 -3.244951e-02
-3.503876e-02 -4.302483e-02 -3.268382e-02
-3.494306e-02 -4.285167e-02 -3.268133e-02
-3.485530e-02 -4.266244e-02 -3.299565e-02
-3.461820e-02 -4.308433e-02 -3.210993e-02
-3.034013e-02 -4.285062e-02 -3.313831e-02
-3.822694e-02 -4.283462e-02 -3.268871e-02
-3.411355e-02 -4.334847e-02 -3.262338e-02
-3.801064e-02 -4.241890e-02 -3.309338e-02
-2.955310e-02 -4.388351e-02 -3.219924e-02
-3.772838e-02 -4.300302e-02 -3.310572e-02
-3.751732e-02 -4.203814e-02 -3.316928e-02
-3.304302e-02 -4.456560e-02 -3.238103e-02
-4.130646e-02 -4.217648e-02 -3.358793e-02
-2.868600e-02 -4.407269e-02 -3.160069e-02
-3.673023e-02 -4.287033e-02 -3.378077e-02
-4.084050e-02 -4.358853e-02 -3.308387e-02
-3.220467e-02 -4.268618e-02 -3.298148e-02
-4.033950e-02 -4.336811e-02 -3.254153e-02
-3.200852e-02 -4.443613e-02 -3.249488e-02
-4.011329e-02 -4.300752e-02 -3.367628e-02
-3.985108e-02 -4.279394e-02 -3.307015e-02
-2.732277e-02 -4.434368e-02 -3.251111e-02
-4.359663e-02 -4.337471e-02 -3.321545e-02
-3.952983e-02 -4.318140e-02 -3.300622e-02
-3.496474e-02 -4.364462e-02 -3.353904e-02
-3.910347e-02 -4.373966e-02 -3.268924e-02
-3.476342e-02 -4.401772e-02 -3.311602e-02
-3.863678e-02 -4.324721e-02 -3.266617e-02
-4.278675e-02 -4.388020e-02 -3.365569e-02
-3.011504e-02 -4.399699e-02 -3.309511e-02
-4.651265e-02 -4.365433e-02 -3.231800e-02
-3.390472e-02 -4.357370e-02 -3.394154e-02
-4.209404e-02 -4.373858e-02 -3.317187e-02
-3.781923e-02 -4.378951e-02 -3.282557e-02
-3.347246e-02 -4.437205e-02 -3.261645e-02
-4.979432e-02 -4.337433e-02 -3.418177e-02
-2.908412e-02 -4.464007e-02 -3.270535e-02
-4.540934e-02 -4.299946e-02 -3.295143e-02
-3.696915e-02 -4.491957e-02 -3.337685e-02
-4.103209e-02 -4.302849e-02 -3.361893e-02
-4.088433e-02 -4.408959e-02 -3.281595e-02
-3.647347e-02 -4.513120e-02 -3.300041e-02
-4.057511e-02 -4.339894e-02 -3.307224e-02
-4.854147e-02 -4.389944e-02 -3.400476e-02
-3.217677e-02 -4.463961e-02 -3.259894e-02
-4.410770e-02 -4.304211e-02 -3.390057e-02
-3.993878e-02 -4.452602e-02 -3.308734e-02
-3.992204e-02 -4.460538e-02 -3.227942e-02
-4.372103e-02 -4.417308e-02 -3.418271e-02
-3.956987e-02 -4.378273e-02 -3.302069e-02
-3.942951e-02 -4.525555e-02 -3.299908e-02
-4.748525e-02 -4.311634e-02 -3.354166e-02
-3.916295e-02 -4.373275e-02 -3.336489e-02
-3.902431e-02 -4.545208e-02 -3.276530e-02
-4.691980e-02 -4.382720e-02 -3.360997e-02
-3.896398e-02 -4.407555e-02 -3.351182e-02
-4.262770e-02 -4.449455e-02 -3.279970e-02
-4.666159e-02 -4.387447e-02 -3.338460e-02
-3.838494e-02 -4.483594e-02 -3.338521e-02
-4.641604e-02 -4.438740e-02 -3.347193e-02
-3.828241e-02 -4.457858e-02 -3.273121e-02
-4.604910e-02 -4.346872e-02 -3.309493e-02
-4.600225e-02 -4.452463e-02 -3.421547e-02
-4.188857e-02 -4.453872e-02 -3.287251e-02
-3.787720e-02 -4.500396e-02 -3.291379e-02
-5.355250e-02 -4.285580e-02 -3.367611e-02
-3.757356e-02 -4.578735e-02 -3.316709e-02
-4.555470e-02 -4.384406e-02 -3.268159e-02
-4.901164e-02 -4.422586e-02 -3.374973e-02
-3.754945e-02 -4.428705e-02 -3.336714e-02
-4.902197e-02 -4.565143e-02 -3.277630e-02
-4.504375e-02 -4.286605e-02 -3.397424e-02
-4.101197e-02 -4.554699e-02 -3.278955e-02
-4.860194e-02 -4.339025e-02 -3.285139e-02
-4.490675e-02 -4.513151e-02 -3.371077e-02
-4.459714e-02 -4.437348e-02 -3.290948e-02
-5.225459e-02 -4.387523e-02 -3.363879e-02
-3.677357e-02 -4.468722e-02 -3.295167e-02
-5.200664e-02 -4.465586e-02 -3.289001e-02
-4.438827e-02 -4.356989e-02 -3.387802e-02
-4.421935e-02 -4.574906e-02 -3.273444e-02
-5.184224e-02 -4.309123e-02 -3.302969e-02
-4.015356e-02 -4.550441e-02 -3.302043e-02
-5.170934e-02 -4.285910e-02 -3.376779e-02
-4.774662e-02 -4.604572e-02 -3.236554e-02
-4.371304e-02 -4.349718e-02 -3.342077e-02
-4.791799e-02 -4.493971e-02 -3.343983e-02
-5.097725e-02 -4.351377e-02 -3.282870e-02
-4.756537e-02 -4.479919e-02 -3.294509e-02
-4.370672e-02 -4.501168e-02 -3.316812e-02
-4.720100e-02 -4.407787e-02 -3.330641e-02
-5.476477e-02 -4.336488e-02 -3.276777e-02
-4.363720e-02 -4.557293e-02 -3.311538e-02
-5.068745e-02 -4.366285e-02 -3.308262e-02
-5.082877e-02 -4.346735e-02 -3.230893e-02
-4.704427e-02 -4.483319e-02 -3.344498e-02
-4.705187e-02 -4.509282e-02 -3.333615e-02
-5.074883e-02 -4.391791e-02 -3.266923e-02
-4.674372e-02 -4.415593e-02 -3.291500e-02
-5.432768e-02 -4.417573e-02 -3.264130e-02
-4.671641e-02 -4.428101e-02 -3.326954e-02
-5.416220e-02 -4.354671e-02 -3.235533e-02
-4.657589e-02 -4.486828e-02 -3.331111e-02
-5.062383e-02 -4.348330e-02 -3.276326e-02
-5.350245e-02 -4.467440e-02 -3.247687e-02
-4.328570e-02 -4.429745e-02 -3.310573e-02
-5.782753e-02 -4.395264e-02 -3.297153e-02
-4.962453e-02 -4.408656e-02 -3.198312e-02
-5.054959e-02 -4.378700e-02 -3.338509e-02
-4.977967e-02 -4.459893e-02 -3.248804e-02
-5.426213e-02 -4.291762e-02 -3.246723e-02
-4.981394e-02 -4.467358e-02 -3.312182e-02
-5.349919e-02 -4.383062e-02 -3.195565e-02
-5.038241e-02 -4.447499e-02 -3.348072e-02
-5.338861e-02 -4.340655e-02 -3.185932e-02
-5.348893e-02 -4.330005e-02 -3.220821e-02
-5.362450e-02 -4.443685e-02 -3.321760e-02
-4.974405e-02 -4.376730e-02 -3.186225e-02
-5.406558e-02 -4.395016e-02 -3.344480e-02
-4.971133e-02 -4.388645e-02 -3.151748e-02
-5.713474e-02 -4.360802e-02 -3.297062e-02
-5.678450e-02 -4.281030e-02 -3.203046e-02
-4.962959e-02 -4.377467e-02 -3.196633e-02
-5.419491e-02 -4.506723e-02 -3.299664e-02
-4.959889e-02 -4.317821e-02 -3.195487e-02
-6.376694e-02 -4.203959e-02 -3.236434e-02
-4.672846e-02 -4.535622e-02 -3.188894e-02
-5.660354e-02 -4.170611e-02 -3.234654e-02
-5.402364e-02 -4.547035e-02 -3.248030e-02
-5.652827e-02 -4.169226e-02 -3.174041e-02
-5.322754e-02 -4.400295e-02 -3.187956e-02
-6.058433e-02 -4.290229e-02 -3.193800e-02
-5.027043e-02 -4.355658e-02 -3.209501e-02
-5.677052e-02 -4.368120e-02 -3.294028e-02
-5.658878e-02 -4.213917e-02 -3.048777e-02
-5.422230e-02 -4.470409e-02 -3.337641e-02
-5.967272e-02 -4.128721e-02 -3.042337e-02
-5.391091e-02 -4.390035e-02 -3.237700e-02
-5.347305e-02 -4.393532e-02 -3.202591e-02
-6.378535e-02 -4.139634e-02 -3.116331e-02
-5.365071e-02 -4.297486e-02 -3.196745e-02
-5.396383e-02 -4.367434e-02 -3.155893e-02
-5.396383e-02 -4.367434e-02 -3.155893e-02
