3.333330e-01 -9.988149e-02 3.307760e-02
3.333657e-01 -9.976704e-02 3.289815e-02
3.334020e-01 -9.964927e-02 3.272131e-02
3.334346e-01 -9.952418e-02 3.254112e-02
3.334693e-01 -9.941167e-02 3.236653e-02
3.334987e-01 -9.929182e-02 3.218556e-02
3.335349e-01 -9.917661e-02 3.200721e-02
3.335672e-01 -9.906197e-02 3.183445e-02
3.335975e-01 -9.894406e-02 3.165527e-02
3.336342e-01 -9.883075e-02 3.147872e-02
3.336642e-01 -9.871799e-02 3.130178e-02
3.336934e-01 -9.860593e-02 3.112438e-02
3.337263e-01 -9.849040e-02 3.094664e-02
3.337600e-01 -9.837957e-02 3.077434e-02
3.337899e-01 -9.826935e-02 3.059580e-02
3.338201e-01 -9.815963e-02 3.041975e-02
3.338519e-01 -9.804665e-02 3.024614e-02
3.338793e-01 -9.793811e-02 3.006930e-02
3.339148e-01 -9.783032e-02 2.989193e-02
3.339397e-01 -9.771914e-02 2.972006e-02
3.339746e-01 -9.761240e-02 2.954181e-02
3.340010e-01 -9.750635e-02 2.936915e-02
3.340321e-01 -9.740492e-02 2.919594e-02
3.340604e-01 -9.729215e-02 2.901936e-02
3.340889e-01 -9.718772e-02 2.884526e-02
3.341218e-01 -9.708802e-02 2.867364e-02
3.341457e-01 -9.698076e-02 2.849866e-02
3.341750e-01 -9.687846e-02 2.832021e-02
3.342064e-01 -9.677608e-02 2.815311e-02
3.342336e-01 -9.667495e-02 2.797674e-02
3.342576e-01 -9.657017e-02 2.780280e-02
3.342901e-01 -9.647367e-02 2.763125e-02
3.343147e-01 -9.637003e-02 2.745939e-02
3.343445e-01 -9.627066e-02 2.728682e-02
3.343671e-01 -9.617608e-02 2.711406e-02
3.343969e-01 -9.607441e-02 2.693758e-02
3.344248e-01 -9.597635e-02 2.676667e-02
3.344507e-01 -9.587973e-02 2.659515e-02
3.344737e-01 -9.578707e-02 2.642628e-02
3.345018e-01 -9.568729e-02 2.625369e-02
3.345288e-01 -9.559204e-02 2.608061e-02
3.345536e-01 -9.549733e-02 2.590713e-02
3.345826e-01 -9.540274e-02 2.573906e-02
3.346026e-01 -9.530911e-02 2.557048e-02
3.346302e-01 -9.522394e-02 2.539534e-02
3.346539e-01 -9.512307e-02 2.521972e-02
3.346821e-01 -9.503523e-02 2.506135e-02
3.347028e-01 -9.494339e-02 2.487871e-02
3.347287e-01 -9.485228e-02 2.471925e-02
3.347519e-01 -9.476582e-02 2.453574e-02
3.347779e-01 -9.467139e-02 2.438070e-02
3.347999e-01 -9.458591e-02 2.419626e-02
3.348243e-01 -9.450084e-02 2.404042e-02
3.348473e-01 -9.440848e-02 2.386031e-02
3.348721e-01 -9.432799e-02 2.369178e-02
3.348921e-01 -9.424047e-02 2.352839e-02
3.349178e-01 -9.414956e-02 2.335859e-02
3.349393e-01 -9.407111e-02 2.318215e-02
3.349597e-01 -9.398463e-02 2.301721e-02
3.349860e-01 -9.389955e-02 2.285155e-02
3.350043e-01 -9.381815e-02 2.267941e-02
3.350315e-01 -9.373311e-02 2.251248e-02
3.350507e-01 -9.365752e-02 2.234521e-02
3.350695e-01 -9.356958e-02 2.217129e-02
3.350938e-01 -9.349440e-02 2.200869e-02
3.351146e-01 -9.341132e-02 2.183950e-02
3.351336e-01 -9.333373e-02 2.166989e-02
3.351591e-01 -9.325152e-02 2.150526e-02
3.351749e-01 -9.317779e-02 2.133436e-02
3.351975e-01 -9.309764e-02 2.117455e-02
3.352179e-01 -9.302088e-02 2.099655e-02
3.352400e-01 -9.294901e-02 2.083562e-02
3.352558e-01 -9.286916e-02 2.066806e-02
3.352784e-01 -9.279432e-02 2.049982e-02
3.352958e-01 -9.271986e-02 2.033129e-02
3.353194e-01 -9.264533e-02 2.016771e-02
3.353358e-01 -9.257179e-02 1.999790e-02
3.353551e-01 -9.250271e-02 1.983311e-02
3.353748e-01 -9.243008e-02 1.967356e-02
3.353952e-01 -9.235276e-02 1.950152e-02
3.354088e-01 -9.228565e-02 1.932952e-02
3.354294e-01 -9.221368e-02 1.916794e-02
3.354517e-01 -9.215073e-02 1.900591e-02
3.354668e-01 -9.207578e-02 1.883723e-02
3.354841e-01 -9.200581e-02 1.866813e-02
3.355018e-01 -9.194414e-02 1.851014e-02
3.355165e-01 -9.187048e-02 1.833969e-02
3.355384e-01 -9.180502e-02 1.817440e-02
3.355537e-01 -9.174471e-02 1.800865e-02
3.355728e-01 -9.166894e-02 1.784743e-02
3.355906e-01 -9.161270e-02 1.768613e-02
3.356033e-01 -9.154508e-02 1.751271e-02
3.356203e-01 -9.148243e-02 1.734450e-02
3.356410e-01 -9.141623e-02 1.719212e-02
3.356534e-01 -9.135772e-02 1.702244e-02
3.356705e-01 -9.129563e-02 1.685211e-02
3.356858e-01 -9.123388e-02 1.669236e-02
3.357027e-01 -9.117012e-02 1.653203e-02
3.357191e-01 -9.111638e-02 1.636555e-02
3.357313e-01 -9.104875e-02 1.619780e-02
3.357482e-01 -9.099256e-02 1.603579e-02
3.357643e-01 -9.093676e-02 1.587277e-02
3.357763e-01 -9.087825e-02 1.570898e-02
3.357944e-01 -9.081927e-02 1.554468e-02
3.358063e-01 -9.076468e-02 1.538523e-02
3.358242e-01 -9.070730e-02 1.521419e-02
3.358338e-01 -9.065347e-02 1.505348e-02
3.358539e-01 -9.059999e-02 1.489758e-02
3.358644e-01 -9.053904e-02 1.472407e-02
3.358774e-01 -9.049026e-02 1.456718e-02
3.358906e-01 -9.043879e-02 1.439818e-02
3.359061e-01 -9.038596e-02 1.423977e-02
3.359183e-01 -9.033128e-02 1.408017e-02
3.359323e-01 -9.028400e-02 1.391499e-02
3.359452e-01 -9.022922e-02 1.374918e-02
3.359575e-01 -9.018180e-02 1.359281e-02
3.359720e-01 -9.012864e-02 1.341978e-02
3.359858e-01 -9.008278e-02 1.326873e-02
3.359956e-01 -9.003342e-02 1.310486e-02
3.360057e-01 -8.998440e-02 1.292992e-02
3.360199e-01 -8.994361e-02 1.278193e-02
3.360331e-01 -8.989036e-02 1.261674e-02
3.360449e-01 -8.984732e-02 1.245571e-02
3.360501e-01 -8.979878e-02 1.228301e-02
3.360662e-01 -8.975936e-02 1.213244e-02
3.360808e-01 -8.971638e-02 1.197008e-02
3.360885e-01 -8.966491e-02 1.180107e-02
3.361003e-01 -8.962753e-02 1.164780e-02
3.361100e-01 -8.958464e-02 1.147763e-02
3.361220e-01 -8.954303e-02 1.132296e-02
3.361332e-01 -8.949685e-02 1.116180e-02
3.361431e-01 -8.945990e-02 1.099543e-02
3.361519e-01 -8.942324e-02 1.083862e-02
3.361599e-01 -8.937804e-02 1.067517e-02
3.361763e-01 -8.934108e-02 1.051743e-02
3.361819e-01 -8.930149e-02 1.035294e-02
3.361913e-01 -8.926619e-02 1.018816e-02
3.362031e-01 -8.923020e-02 1.003799e-02
3.362081e-01 -8.919058e-02 9.866659e-03
3.362210e-01 -8.915619e-02 9.710727e-03
3.362283e-01 -8.912125e-02 9.546846e-03
3.362422e-01 -8.908357e-02 9.389987e-03
3.362422e-01 -8.905199e-02 9.225896e-03
3.362598e-01 -8.901902e-02 9.072274e-03
3.362593e-01 -8.898526e-02 8.900422e-03
3.362740e-01 -8.894782e-02 8.750791e-03
3.362771e-01 -8.892249e-02 8.584935e-03
3.362884e-01 -8.889079e-02 8.421599e-03
3.362930e-01 -8.885708e-02 8.264457e-03
3.363067e-01 -8.882878e-02 8.110861e-03
3.363074e-01 -8.880192e-02 7.936622e-03
3.363226e-01 -8.876525e-02 7.791788e-03
3.363219e-01 -8.874569e-02 7.620661e-03
3.363319e-01 -8.871461e-02 7.460196e-03
3.363395e-01 -8.868394e-02 7.307242e-03
3.363492e-01 -8.866136e-02 7.145371e-03
3.363549e-01 -8.863403e-02 6.982274e-03
3.363525e-01 -8.860803e-02 6.822066e-03
3.363664e-01 -8.858131e-02 6.668326e-03
3.363725e-01 -8.856506e-02 6.502260e-03
3.363768e-01 -8.852980e-02 6.340434e-03
3.363819e-01 -8.851396e-02 6.184609e-03
3.363899e-01 -8.849118e-02 6.026074e-03
3.363958e-01 -8.846699e-02 5.862711e-03
3.364051e-01 -8.844716e-02 5.708469e-03
3.364026e-01 -8.842619e-02 5.543438e-03
3.364123e-01 -8.840556e-02 5.390035e-03
3.364180e-01 -8.838530e-02 5.226036e-03
3.364177e-01 -8.836653e-02 5.065112e-03
3.364238e-01 -8.835328e-02 4.908601e-03
3.364321e-01 -8.832725e-02 4.748762e-03
3.364324e-01 -8.831590e-02 4.588139e-03
3.364430e-01 -8.829684e-02 4.430802e-03
3.364418e-01 -8.827711e-02 4.273796e-03
3.364424e-01 -8.826764e-02 4.106991e-03
3.364546e-01 -8.824830e-02 3.955864e-03
3.364537e-01 -8.823563e-02 3.786081e-03
3.364608e-01 -8.822466e-02 3.637905e-03
3.364558e-01 -8.820603e-02 3.469944e-03
3.364688e-01 -8.819804e-02 3.319152e-03
3.364702e-01 -8.818400e-02 3.156328e-03
3.364724e-01 -8.816997e-02 2.990962e-03
3.364687e-01 -8.816535e-02 2.842960e-03
3.364786e-01 -8.814826e-02 2.675386e-03
3.364737e-01 -8.814017e-02 2.515841e-03
3.364786e-01 -8.813505e-02 2.361345e-03
3.364928e-01 -8.812258e-02 2.198895e-03
3.364833e-01 -8.811547e-02 2.043471e-03
3.364874e-01 -8.810567e-02 1.882702e-03
3.364901e-01 -8.810317e-02 1.723490e-03
3.364894e-01 -8.809403e-02 1.565374e-03
3.364932e-01 -8.809180e-02 1.400195e-03
3.364937e-01 -8.808452e-02 1.250452e-03
3.364955e-01 -8.808025e-02 1.087341e-03
3.364984e-01 -8.807714e-02 9.268919e-04
3.364971e-01 -8.807093e-02 7.684917e-04
3.364968e-01 -8.806833e-02 6.109713e-04
3.365071e-01 -8.806901e-02 4.519002e-04
3.364945e-01 -8.806709e-02 2.945327e-04
3.364967e-01 -8.806410e-02 1.295869e-04
3.365043e-01 -8.806121e-02 -2.744147e-05
3.364942e-01 -8.806787e-02 -1.831310e-04
3.365066e-01 -8.806178e-02 -3.432149e-04
3.364980e-01 -8.806904e-02 -5.062969e-04
3.364984e-01 -8.806551e-02 -6.629643e-04
3.365039e-01 -8.806949e-02 -8.194926e-04
3.364938e-01 -8.807580e-02 -9.784559e-04
3.365042e-01 -8.807720e-02 -1.137139e-03
3.364843e-01 -8.808533e-02 -1.304942e-03
3.364990e-01 -8.808344e-02 -1.451850e-03
3.364933e-01 -8.809079e-02 -1.619876e-03
3.364946e-01 -8.809821e-02 -1.775028e-03
3.364951e-01 -8.810472e-02 -1.933807e-03
3.364973e-01 -8.811281e-02 -2.085007e-03
3.364776e-01 -8.811519e-02 -2.263085e-03
3.364865e-01 -8.812819e-02 -2.409467e-03
3.364854e-01 -8.813891e-02 -2.566729e-03
3.364928e-01 -8.813917e-02 -2.729624e-03
3.364788e-01 -8.815416e-02 -2.891008e-03
3.364639e-01 -8.816724e-02 -3.048231e-03
3.364830e-01 -8.817817e-02 -3.208014e-03
3.364672e-01 -8.818774e-02 -3.367152e-03
3.364766e-01 -8.820288e-02 -3.519881e-03
3.364659e-01 -8.821522e-02 -3.683245e-03
3.364677e-01 -8.822449e-02 -3.847189e-03
3.364621e-01 -8.823980e-02 -4.001492e-03
3.364386e-01 -8.825651e-02 -4.167306e-03
3.364542e-01 -8.827056e-02 -4.319319e-03
3.364561e-01 -8.828680e-02 -4.480398e-03
3.364382e-01 -8.830674e-02 -4.651605e-03
3.364474e-01 -8.831936e-02 -4.793675e-03
3.364427e-01 -8.833383e-02 -4.956901e-03
3.364347e-01 -8.835855e-02 -5.114698e-03
3.364166e-01 -8.837373e-02 -5.283916e-03
3.364243e-01 -8.839296e-02 -5.434741e-03
3.364180e-01 -8.841276e-02 -5.602801e-03
3.364104e-01 -8.843428e-02 -5.759796e-03
3.364096e-01 -8.845639e-02 -5.915485e-03
3.364162e-01 -8.847870e-02 -6.071795e-03
3.364025e-01 -8.849721e-02 -6.240710e-03
3.363739e-01 -8.852107e-02 -6.396862e-03
3.363957e-01 -8.854112e-02 -6.551479e-03
3.363819e-01 -8.857155e-02 -6.725402e-03
3.363753e-01 -8.859315e-02 -6.865675e-03
3.363654e-01 -8.861417e-02 -7.042483e-03
3.363709e-01 -8.864863e-02 -7.188154e-03
3.363545e-01 -8.867002e-02 -7.358417e-03
3.363402e-01 -8.869461e-02 -7.519340e-03
3.363518e-01 -8.872662e-02 -7.676961e-03
3.363242e-01 -8.875116e-02 -7.839522e-03
3.363301e-01 -8.878066e-02 -7.995863e-03
3.363358e-01 -8.881160e-02 -8.156171e-03
3.363028e-01 -8.884018e-02 -8.315490e-03
3.363095e-01 -8.887196e-02 -8.473232e-03
3.363048e-01 -8.890013e-02 -8.638586e-03
3.362849e-01 -8.893138e-02 -8.801823e-03
3.362809e-01 -8.896339e-02 -8.954996e-03
3.362866e-01 -8.900032e-02 -9.120747e-03
3.362682e-01 -8.902840e-02 -9.276983e-03
3.362481e-01 -8.906527e-02 -9.438013e-03
3.362501e-01 -8.909801e-02 -9.610459e-03
3.362372e-01 -8.913486e-02 -9.759424e-03
3.362454e-01 -8.916900e-02 -9.922962e-03
3.362174e-01 -8.920969e-02 -1.008378e-02
3.362234e-01 -8.924200e-02 -1.024595e-02
3.362106e-01 -8.927800e-02 -1.040322e-02
3.361970e-01 -8.931758e-02 -1.057002e-02
3.361730e-01 -8.935950e-02 -1.072714e-02
3.361811e-01 -8.939228e-02 -1.089555e-02
3.361825e-01 -8.943566e-02 -1.104086e-02
3.361471e-01 -8.947598e-02 -1.121816e-02
3.361549e-01 -8.951545e-02 -1.136526e-02
3.361321e-01 -8.955626e-02 -1.154030e-02
3.361267e-01 -8.960383e-02 -1.170416e-02
3.361069e-01 -8.964335e-02 -1.185660e-02
3.361153e-01 -8.968375e-02 -1.201185e-02
3.360936e-01 -8.972756e-02 -1.218488e-02
3.360745e-01 -8.977323e-02 -1.234392e-02
3.360808e-01 -8.981647e-02 -1.251068e-02
3.360647e-01 -8.986656e-02 -1.266392e-02
3.360465e-01 -8.991167e-02 -1.283001e-02
3.360339e-01 -8.995803e-02 -1.298457e-02
3.360234e-01 -9.000560e-02 -1.316645e-02
3.360161e-01 -9.004905e-02 -1.331337e-02
3.360120e-01 -9.010328e-02 -1.347628e-02
3.359767e-01 -9.015155e-02 -1.364111e-02
3.359816e-01 -9.020025e-02 -1.380934e-02
3.359627e-01 -9.024832e-02 -1.396580e-02
3.359603e-01 -9.030041e-02 -1.413004e-02
3.359323e-01 -9.035303e-02 -1.429510e-02
3.359336e-01 -9.040309e-02 -1.444631e-02
3.359064e-01 -9.045618e-02 -1.462490e-02
3.359086e-01 -9.051326e-02 -1.477277e-02
3.358837e-01 -9.056278e-02 -1.495217e-02
3.358667e-01 -9.062321e-02 -1.510466e-02
3.358601e-01 -9.066727e-02 -1.527057e-02
3.358395e-01 -9.073459e-02 -1.543581e-02
3.358271e-01 -9.078492e-02 -1.560504e-02
3.358051e-01 -9.084001e-02 -1.575862e-02
3.358005e-01 -9.089911e-02 -1.592753e-02
3.357998e-01 -9.096143e-02 -1.609128e-02
3.357805e-01 -9.101784e-02 -1.624711e-02
3.357475e-01 -9.107411e-02 -1.641762e-02
3.357368e-01 -9.113285e-02 -1.658489e-02
3.357403e-01 -9.119876e-02 -1.674613e-02
3.356854e-01 -9.125507e-02 -1.691968e-02
3.357076e-01 -9.131843e-02 -1.706978e-02
3.356896e-01 -9.137882e-02 -1.722976e-02
3.356541e-01 -9.144372e-02 -1.740772e-02
3.356502e-01 -9.150435e-02 -1.756971e-02
3.356188e-01 -9.157362e-02 -1.774400e-02
3.356123e-01 -9.163161e-02 -1.788891e-02
3.355908e-01 -9.169823e-02 -1.806415e-02
3.355792e-01 -9.176935e-02 -1.823916e-02
3.355860e-01 -9.183037e-02 -1.838697e-02
3.355378e-01 -9.189998e-02 -1.856273e-02
3.355201e-01 -9.196529e-02 -1.873167e-02
3.355255e-01 -9.203433e-02 -1.888481e-02
3.354794e-01 -9.210196e-02 -1.905801e-02
3.354729e-01 -9.217324e-02 -1.922723e-02
3.354652e-01 -9.224122e-02 -1.938394e-02
3.354443e-01 -9.231489e-02 -1.955698e-02
3.354258e-01 -9.238618e-02 -1.972503e-02
3.353955e-01 -9.245059e-02 -1.988113e-02
3.353950e-01 -9.253091e-02 -2.005352e-02
3.353458e-01 -9.260147e-02 -2.022569e-02
3.353557e-01 -9.267370e-02 -2.038677e-02
3.353169e-01 -9.275221e-02 -2.055801e-02
3.353221e-01 -9.282389e-02 -2.071888e-02
3.352765e-01 -9.289616e-02 -2.089058e-02
3.352644e-01 -9.297391e-02 -2.105626e-02
3.352449e-01 -9.305243e-02 -2.122033e-02
3.352309e-01 -9.312872e-02 -2.139176e-02
3.352310e-01 -9.320470e-02 -2.155725e-02
3.351910e-01 -9.328152e-02 -2.172094e-02
3.351595e-01 -9.336558e-02 -2.190080e-02
3.351330e-01 -9.344178e-02 -2.206040e-02
3.351198e-01 -9.352154e-02 -2.223017e-02
3.351183e-01 -9.360583e-02 -2.239772e-02
3.350806e-01 -9.368695e-02 -2.257352e-02
3.350552e-01 -9.376887e-02 -2.272041e-02
3.350469e-01 -9.384661e-02 -2.291052e-02
3.350132e-01 -9.393387e-02 -2.307344e-02
3.350000e-01 -9.401758e-02 -2.324152e-02
3.349738e-01 -9.409966e-02 -2.340932e-02
3.349479e-01 -9.418576e-02 -2.357684e-02
3.349300e-01 -9.427096e-02 -2.375646e-02
3.349116e-01 -9.436164e-02 -2.391167e-02
3.348765e-01 -9.444517e-02 -2.409670e-02
3.348642e-01 -9.453160e-02 -2.425717e-02
3.348298e-01 -9.461772e-02 -2.442481e-02
3.348271e-01 -9.471207e-02 -2.460715e-02
3.347804e-01 -9.479582e-02 -2.475922e-02
3.347619e-01 -9.488485e-02 -2.494595e-02
3.347425e-01 -9.498424e-02 -2.510080e-02
3.347295e-01 -9.506653e-02 -2.528508e-02
3.346731e-01 -9.516236e-02 -2.545410e-02
3.346656e-01 -9.525153e-02 -2.562751e-02
3.346618e-01 -9.534732e-02 -2.578664e-02
3.345920e-01 -9.544334e-02 -2.597382e-02
3.345990e-01 -9.553214e-02 -2.613600e-02
3.345554e-01 -9.562879e-02 -2.631013e-02
3.345646e-01 -9.572757e-02 -2.647092e-02
3.345122e-01 -9.581909e-02 -2.664738e-02
3.344793e-01 -9.591785e-02 -2.682731e-02
3.344794e-01 -9.601685e-02 -2.700873e-02
3.344311e-01 -9.611054e-02 -2.716486e-02
3.344163e-01 -9.621188e-02 -2.734420e-02
3.343728e-01 -9.630903e-02 -2.750318e-02
3.343651e-01 -9.641066e-02 -2.769115e-02
3.343071e-01 -9.650839e-02 -2.786559e-02
3.343273e-01 -9.661261e-02 -2.803472e-02
3.342545e-01 -9.671442e-02 -2.819966e-02
3.342564e-01 -9.681358e-02 -2.838156e-02
3.342152e-01 -9.691618e-02 -2.855598e-02
3.341787e-01 -9.702204e-02 -2.873539e-02
3.341861e-01 -9.712448e-02 -2.888990e-02
3.341138e-01 -9.723270e-02 -2.908421e-02
3.341123e-01 -9.733294e-02 -2.925799e-02
3.340847e-01 -9.744081e-02 -2.942017e-02
3.340387e-01 -9.755063e-02 -2.959820e-02
3.340046e-01 -9.765007e-02 -2.978133e-02
3.340109e-01 -9.776628e-02 -2.994066e-02
3.339562e-01 -9.787243e-02 -3.012939e-02
3.339248e-01 -9.798054e-02 -3.030376e-02
3.339014e-01 -9.808947e-02 -3.047506e-02
3.338549e-01 -9.819968e-02 -3.066325e-02
3.338334e-01 -9.831218e-02 -3.082452e-02
3.338236e-01 -9.842242e-02 -3.100369e-02
3.337617e-01 -9.853419e-02 -3.118385e-02
3.337526e-01 -9.864691e-02 -3.135919e-02
3.337020e-01 -9.876125e-02 -3.153305e-02
3.336792e-01 -9.887542e-02 -3.171656e-02
3.336544e-01 -9.899006e-02 -3.188649e-02
3.336165e-01 -9.910398e-02 -3.206876e-02
3.335790e-01 -9.922231e-02 -3.223941e-02
3.335696e-01 -9.934073e-02 -3.242560e-02
3.334933e-01 -9.945315e-02 -3.259838e-02
3.334884e-01 -9.957263e-02 -3.278446e-02
3.334662e-01 -9.969086e-02 -3.295662e-02
3.333985e-01 -9.981011e-02 -3.313002e-02
3.334072e-01 -9.993042e-02 -3.331863e-02
3.333510e-01 -1.000530e-01 -3.350267e-02
3.332910e-01 -1.001715e-01 -3.366779e-02
3.332892e-01 -1.002942e-01 -3.384398e-02
3.332614e-01 -1.004156e-01 -3.403004e-02
3.332175e-01 -1.005363e-01 -3.420546e-02
3.331780e-01 -1.006649e-01 -3.439135e-02
3.331400e-01 -1.007847e-01 -3.457506e-02
3.331077e-01 -1.009131e-01 -3.476020e-02
3.330493e-01 -1.010363e-01 -3.491912e-02
3.330486e-01 -1.011623e-01 -3.512469e-02
3.329795e-01 -1.012867e-01 -3.528462e-02
3.329830e-01 -1.014195e-01 -3.547402e-02
3.329198e-01 -1.015441e-01 -3.565770e-02
3.328817e-01 -1.016743e-01 -3.583668e-02
3.328518e-01 -1.018022e-01 -3.601620e-02
3.328239e-01 -1.019321e-01 -3.620389e-02
3.327726e-01 -1.020632e-01 -3.638318e-02
3.327305e-01 -1.021965e-01 -3.657021e-02
3.327149e-01 -1.023271e-01 -3.674674e-02
3.326720e-01 -1.024602e-01 -3.693623e-02
3.326188e-01 -1.025920e-01 -3.711970e-02
3.325835e-01 -1.027265e-01 -3.728345e-02
3.325363e-01 -1.028600e-01 -3.749349e-02
3.325122e-01 -1.029940e-01 -3.766379e-02
3.324709e-01 -1.031326e-01 -3.784714e-02
3.324067e-01 -1.032646e-01 -3.803387e-02
3.323948e-01 -1.034064e-01 -3.821299e-02
3.323619e-01 -1.035437e-01 -3.840773e-02
3.322866e-01 -1.036816e-01 -3.858831e-02
3.322841e-01 -1.038182e-01 -3.876705e-02
3.322167e-01 -1.039596e-01 -3.896196e-02
3.321761e-01 -1.040995e-01 -3.913928e-02
3.321607e-01 -1.042426e-01 -3.932907e-02
3.321042e-01 -1.043838e-01 -3.951918e-02
3.320493e-01 -1.045190e-01 -3.969727e-02
3.320219e-01 -1.046679e-01 -3.988523e-02
3.319528e-01 -1.048153e-01 -4.008499e-02
3.319556e-01 -1.049545e-01 -4.024598e-02
3.318718e-01 -1.050981e-01 -4.045881e-02
3.318570e-01 -1.052461e-01 -4.063129e-02
3.318018e-01 -1.053894e-01 -4.081757e-02
3.317266e-01 -1.055411e-01 -4.101414e-02
3.317255e-01 -1.056857e-01 -4.119711e-02
3.316803e-01 -1.058333e-01 -4.138064e-02
3.316154e-01 -1.059835e-01 -4.158739e-02
3.315766e-01 -1.061321e-01 -4.175799e-02
3.315202e-01 -1.062824e-01 -4.196193e-02
3.314904e-01 -1.064309e-01 -4.213231e-02
3.314383e-01 -1.065861e-01 -4.233578e-02
3.314158e-01 -1.067383e-01 -4.252776e-02
3.313492e-01 -1.068894e-01 -4.270704e-02
3.312878e-01 -1.070377e-01 -4.290948e-02
3.312500e-01 -1.071995e-01 -4.308662e-02
3.312403e-01 -1.073514e-01 -4.328795e-02
3.311422e-01 -1.075054e-01 -4.346572e-02
3.311180e-01 -1.076645e-01 -4.367696e-02
3.310489e-01 -1.078164e-01 -4.384151e-02
3.310303e-01 -1.079807e-01 -4.405191e-02
3.309697e-01 -1.081308e-01 -4.423879e-02
3.309332e-01 -1.082987e-01 -4.444751e-02
3.308592e-01 -1.084480e-01 -4.461106e-02
3.308291e-01 -1.086158e-01 -4.483054e-02
3.307840e-01 -1.087764e-01 -4.500319e-02
3.306935e-01 -1.089290e-01 -4.519919e-02
3.306981e-01 -1.091005e-01 -4.540568e-02
3.306177e-01 -1.092619e-01 -4.558913e-02
3.305616e-01 -1.094205e-01 -4.578309e-02
3.305076e-01 -1.095886e-01 -4.598884e-02
3.304825e-01 -1.097492e-01 -4.617093e-02
3.304142e-01 -1.099173e-01 -4.637506e-02
3.303708e-01 -1.100887e-01 -4.656728e-02
3.303098e-01 -1.102476e-01 -4.674654e-02
3.302770e-01 -1.104148e-01 -4.695084e-02
3.301719e-01 -1.105896e-01 -4.716456e-02
3.301717e-01 -1.107516e-01 -4.734434e-02
3.301189e-01 -1.109268e-01 -4.754470e-02
3.300316e-01 -1.110919e-01 -4.773518e-02
3.299904e-01 -1.112668e-01 -4.794777e-02
3.299314e-01 -1.114353e-01 -4.813581e-02
3.298940e-01 -1.116068e-01 -4.833589e-02
3.298429e-01 -1.117840e-01 -4.852458e-02
3.297722e-01 -1.119516e-01 -4.872341e-02
3.297025e-01 -1.121287e-01 -4.893391e-02
3.296563e-01 -1.123018e-01 -4.912010e-02
3.296177e-01 -1.124810e-01 -4.931771e-02
3.295358e-01 -1.126535e-01 -4.952707e-02
3.295030e-01 -1.128343e-01 -4.973673e-02
3.294311e-01 -1.130090e-01 -4.990974e-02
3.293795e-01 -1.131878e-01 -5.011808e-02
3.293312e-01 -1.133696e-01 -5.033792e-02
3.292474e-01 -1.135423e-01 -5.052053e-02
3.292096e-01 -1.137264e-01 -5.071652e-02
3.291244e-01 -1.139102e-01 -5.093488e-02
3.290972e-01 -1.140880e-01 -5.111811e-02
3.290225e-01 -1.142686e-01 -5.132370e-02
3.289724e-01 -1.144574e-01 -5.154144e-02
3.288843e-01 -1.146377e-01 -5.172241e-02
3.288618e-01 -1.148278e-01 -5.195202e-02
3.287598e-01 -1.150026e-01 -5.213120e-02
3.287483e-01 -1.151954e-01 -5.233878e-02
3.286683e-01 -1.153793e-01 -5.254112e-02
3.285733e-01 -1.155687e-01 -5.275591e-02
3.285535e-01 -1.157538e-01 -5.294921e-02
3.284613e-01 -1.159433e-01 -5.315068e-02
3.284161e-01 -1.161348e-01 -5.336673e-02
3.283399e-01 -1.163210e-01 -5.356859e-02
3.283048e-01 -1.165127e-01 -5.375997e-02
3.282000e-01 -1.167095e-01 -5.398450e-02
3.281588e-01 -1.168934e-01 -5.417407e-02
3.281059e-01 -1.170898e-01 -5.438938e-02
3.280171e-01 -1.172855e-01 -5.461376e-02
3.279627e-01 -1.174741e-01 -5.478967e-02
3.278950e-01 -1.176700e-01 -5.501571e-02
3.278177e-01 -1.178666e-01 -5.521591e-02
3.277842e-01 -1.180687e-01 -5.541835e-02
3.276709e-01 -1.182543e-01 -5.563915e-02
3.276471e-01 -1.184585e-01 -5.582849e-02
3.275616e-01 -1.186562e-01 -5.605223e-02
3.274946e-01 -1.188567e-01 -5.625171e-02
3.274120e-01 -1.190534e-01 -5.647442e-02
3.273798e-01 -1.192560e-01 -5.667490e-02
3.272845e-01 -1.194545e-01 -5.688409e-02
3.272107e-01 -1.196572e-01 -5.708494e-02
3.271641e-01 -1.198586e-01 -5.730730e-02
3.270778e-01 -1.200662e-01 -5.751665e-02
3.270064e-01 -1.202702e-01 -5.773867e-02
3.269320e-01 -1.204680e-01 -5.792579e-02
3.268736e-01 -1.206776e-01 -5.814866e-02
3.267746e-01 -1.208831e-01 -5.836831e-02
3.267467e-01 -1.210922e-01 -5.858003e-02
3.266310e-01 -1.212982e-01 -5.878849e-02
3.265962e-01 -1.215033e-01 -5.898915e-02
3.264825e-01 -1.217127e-01 -5.921905e-02
3.264515e-01 -1.219237e-01 -5.941868e-02
3.263543e-01 -1.221350e-01 -5.965260e-02
3.262714e-01 -1.223412e-01 -5.984778e-02
3.262220e-01 -1.225583e-01 -6.006015e-02
3.261182e-01 -1.227687e-01 -6.029128e-02
3.260609e-01 -1.229852e-01 -6.050130e-02
3.259961e-01 -1.231931e-01 -6.071166e-02
3.259078e-01 -1.234108e-01 -6.093037e-02
3.258194e-01 -1.236201e-01 -6.113884e-02
3.257523e-01 -1.238431e-01 -6.136298e-02
3.256758e-01 -1.240599e-01 -6.158218e-02
3.256060e-01 -1.242772e-01 -6.179568e-02
3.255070e-01 -1.244905e-01 -6.201300e-02
3.254330e-01 -1.247128e-01 -6.223432e-02
3.253486e-01 -1.249294e-01 -6.244318e-02
3.252891e-01 -1.251538e-01 -6.266496e-02
3.252131e-01 -1.253705e-01 -6.289088e-02
3.250961e-01 -1.255926e-01 -6.310598e-02
3.250450e-01 -1.258180e-01 -6.331830e-02
3.249480e-01 -1.260405e-01 -6.355217e-02
3.249152e-01 -1.262635e-01 -6.375242e-02
3.247740e-01 -1.264851e-01 -6.399449e-02
3.246937e-01 -1.267142e-01 -6.420391e-02
3.246518e-01 -1.269381e-01 -6.441775e-02
3.245383e-01 -1.271661e-01 -6.465146e-02
3.244418e-01 -1.273898e-01 -6.487016e-02
3.244051e-01 -1.276232e-01 -6.508516e-02
3.242644e-01 -1.278475e-01 -6.531536e-02
3.242167e-01 -1.280792e-01 -6.554052e-02
3.241217e-01 -1.283083e-01 -6.575211e-02
3.240505e-01 -1.285409e-01 -6.598972e-02
3.239305e-01 -1.287728e-01 -6.621029e-02
3.238575e-01 -1.290060e-01 -6.643518e-02
3.237938e-01 -1.292334e-01 -6.664752e-02
3.236654e-01 -1.294738e-01 -6.688018e-02
3.236006e-01 -1.297072e-01 -6.710727e-02
3.235167e-01 -1.299405e-01 -6.733381e-02
3.234190e-01 -1.301768e-01 -6.755665e-02
3.233116e-01 -1.304130e-01 -6.778130e-02
3.232602e-01 -1.306540e-01 -6.800822e-02
3.231307e-01 -1.308890e-01 -6.823251e-02
3.230670e-01 -1.311273e-01 -6.846035e-02
3.229506e-01 -1.313700e-01 -6.869756e-02
3.228819e-01 -1.316077e-01 -6.891278e-02
3.227875e-01 -1.318521e-01 -6.915382e-02
3.226827e-01 -1.320913e-01 -6.936500e-02
3.225933e-01 -1.323320e-01 -6.960840e-02
3.225087e-01 -1.325778e-01 -6.983711e-02
3.223936e-01 -1.328189e-01 -7.006146e-02
3.223207e-01 -1.330669e-01 -7.029400e-02
3.222071e-01 -1.333124e-01 -7.052237e-02
3.221318e-01 -1.335614e-01 -7.076666e-02
3.219917e-01 -1.338044e-01 -7.097799e-02
3.219555e-01 -1.340499e-01 -7.120538e-02
3.218190e-01 -1.343029e-01 -7.145463e-02
3.217309e-01 -1.345477e-01 -7.167870e-02
3.216226e-01 -1.348017e-01 -7.191782e-02
3.215465e-01 -1.350507e-01 -7.215670e-02
3.214252e-01 -1.353024e-01 -7.237047e-02
3.213270e-01 -1.355527e-01 -7.261876e-02
3.212436e-01 -1.358099e-01 -7.284323e-02
3.211285e-01 -1.360590e-01 -7.308800e-02
3.210440e-01 -1.363154e-01 -7.332178e-02
3.209151e-01 -1.365712e-01 -7.353824e-02
3.208455e-01 -1.368239e-01 -7.379328e-02
3.207035e-01 -1.370825e-01 -7.402232e-02
3.206386e-01 -1.373414e-01 -7.426827e-02
3.204870e-01 -1.375953e-01 -7.449290e-02
3.204290e-01 -1.378568e-01 -7.472714e-02
3.202994e-01 -1.381129e-01 -7.497041e-02
3.201949e-01 -1.383762e-01 -7.520357e-02
3.201172e-01 -1.386389e-01 -7.544567e-02
3.199794e-01 -1.388966e-01 -7.569221e-02
3.198777e-01 -1.391604e-01 -7.591534e-02
3.197609e-01 -1.394273e-01 -7.616855e-02
3.196580e-01 -1.396868e-01 -7.640002e-02
3.195511e-01 -1.399521e-01 -7.664455e-02
3.194634e-01 -1.402133e-01 -7.687569e-02
3.193409e-01 -1.404856e-01 -7.712550e-02
3.192093e-01 -1.407500e-01 -7.736829e-02
3.191212e-01 -1.410200e-01 -7.760425e-02
3.190120e-01 -1.412848e-01 -7.784320e-02
3.188653e-01 -1.415568e-01 -7.808807e-02
3.187910e-01 -1.418251e-01 -7.832513e-02
3.186668e-01 -1.420941e-01 -7.857520e-02
3.185398e-01 -1.423672e-01 -7.881754e-02
3.184346e-01 -1.426415e-01 -7.905891e-02
3.183252e-01 -1.429108e-01 -7.930930e-02
3.182136e-01 -1.431851e-01 -7.953925e-02
3.180730e-01 -1.434597e-01 -7.980408e-02
3.179600e-01 -1.437367e-01 -8.003872e-02
3.178672e-01 -1.440092e-01 -8.028311e-02
3.177399e-01 -1.442877e-01 -8.052859e-02
3.175974e-01 -1.445602e-01 -8.077268e-02
3.175062e-01 -1.448454e-01 -8.102215e-02
3.173899e-01 -1.451229e-01 -8.128232e-02
3.172525e-01 -1.453975e-01 -8.150981e-02
3.171341e-01 -1.456832e-01 -8.175964e-02
3.170249e-01 -1.459605e-01 -8.202044e-02
3.168717e-01 -1.462401e-01 -8.226026e-02
3.167651e-01 -1.465288e-01 -8.251788e-02
3.166478e-01 -1.468077e-01 -8.275424e-02
3.165337e-01 -1.470902e-01 -8.300408e-02
3.163874e-01 -1.473805e-01 -8.326384e-02
3.162705e-01 -1.476624e-01 -8.351275e-02
3.161514e-01 -1.479464e-01 -8.377202e-02
3.160340e-01 -1.482340e-01 -8.400549e-02
3.158785e-01 -1.485251e-01 -8.427149e-02
3.157685e-01 -1.488140e-01 -8.451173e-02
3.156374e-01 -1.490999e-01 -8.476662e-02
3.155075e-01 -1.493886e-01 -8.500565e-02
3.153827e-01 -1.496842e-01 -8.529506e-02
3.152364e-01 -1.499703e-01 -8.551666e-02
3.151177e-01 -1.502678e-01 -8.579213e-02
3.149788e-01 -1.505523e-01 -8.602785e-02
3.148644e-01 -1.508543e-01 -8.629171e-02
3.147233e-01 -1.511456e-01 -8.654839e-02
3.145813e-01 -1.514400e-01 -8.678836e-02
3.144659e-01 -1.517360e-01 -8.706326e-02
3.143149e-01 -1.520343e-01 -8.732404e-02
3.141853e-01 -1.523302e-01 -8.756756e-02
3.140374e-01 -1.526264e-01 -8.781652e-02
3.138810e-01 -1.529290e-01 -8.809827e-02
3.137908e-01 -1.532240e-01 -8.834967e-02
3.136496e-01 -1.535288e-01 -8.857886e-02
3.134741e-01 -1.538298e-01 -8.887254e-02
3.133368e-01 -1.541287e-01 -8.911899e-02
3.132217e-01 -1.544324e-01 -8.939347e-02
3.130618e-01 -1.547346e-01 -8.962855e-02
3.129418e-01 -1.550409e-01 -8.990548e-02
3.128095e-01 -1.553443e-01 -9.014240e-02
3.126290e-01 -1.556487e-01 -9.043867e-02
3.125360e-01 -1.559569e-01 -9.066565e-02
3.123412e-01 -1.562604e-01 -9.094218e-02
3.122149e-01 -1.565708e-01 -9.122075e-02
3.120658e-01 -1.568793e-01 -9.144919e-02
3.119303e-01 -1.571918e-01 -9.173480e-02
3.117494e-01 -1.574965e-01 -9.199953e-02
3.116253e-01 -1.578091e-01 -9.226839e-02
3.115069e-01 -1.581188e-01 -9.250161e-02
3.113020e-01 -1.584361e-01 -9.279313e-02
3.111804e-01 -1.587435e-01 -9.305970e-02
3.110388e-01 -1.590591e-01 -9.330261e-02
3.108643e-01 -1.593736e-01 -9.358910e-02
3.107228e-01 -1.596878e-01 -9.385057e-02
3.105717e-01 -1.600065e-01 -9.411332e-02
3.104342e-01 -1.603189e-01 -9.437042e-02
3.102326e-01 -1.606415e-01 -9.465220e-02
3.101018e-01 -1.609557e-01 -9.493659e-02
3.099793e-01 -1.612791e-01 -9.516481e-02
3.097873e-01 -1.615925e-01 -9.545074e-02
3.096336e-01 -1.619154e-01 -9.571790e-02
3.094714e-01 -1.622382e-01 -9.600400e-02
3.093226e-01 -1.625583e-01 -9.626362e-02
3.091744e-01 -1.628781e-01 -9.651734e-02
3.089831e-01 -1.632053e-01 -9.680881e-02
3.088182e-01 -1.635271e-01 -9.708390e-02
3.086861e-01 -1.638533e-01 -9.732767e-02
3.085312e-01 -1.641782e-01 -9.760987e-02
3.083298e-01 -1.645060e-01 -9.790713e-02
3.081798e-01 -1.648296e-01 -9.815555e-02
3.080359e-01 -1.651597e-01 -9.842318e-02
3.078314e-01 -1.654893e-01 -9.872365e-02
3.077068e-01 -1.658152e-01 -9.895817e-02
3.075209e-01 -1.661469e-01 -9.925529e-02
3.073416e-01 -1.664783e-01 -9.953560e-02
3.071667e-01 -1.668061e-01 -9.980074e-02
3.070247e-01 -1.671416e-01 -1.000773e-01
3.068416e-01 -1.674711e-01 -1.003527e-01
3.066453e-01 -1.678066e-01 -1.006344e-01
3.065160e-01 -1.681429e-01 -1.009015e-01
3.063383e-01 -1.684755e-01 -1.011724e-01
3.061344e-01 -1.688120e-01 -1.014677e-01
3.059745e-01 -1.691489e-01 -1.017379e-01
3.058130e-01 -1.694849e-01 -1.020120e-01
3.055880e-01 -1.698213e-01 -1.023040e-01
3.054849e-01 -1.701638e-01 -1.025491e-01
3.052506e-01 -1.705039e-01 -1.028735e-01
3.050846e-01 -1.708405e-01 -1.031217e-01
3.049025e-01 -1.711814e-01 -1.034129e-01
3.047338e-01 -1.715228e-01 -1.036842e-01
3.045431e-01 -1.718678e-01 -1.039735e-01
3.043660e-01 -1.722065e-01 -1.042543e-01
3.041797e-01 -1.725543e-01 -1.045284e-01
3.039887e-01 -1.728951e-01 -1.048167e-01
3.038231e-01 -1.732440e-01 -1.050955e-01
3.036069e-01 -1.735863e-01 -1.053874e-01
3.034199e-01 -1.739337e-01 -1.056676e-01
3.032801e-01 -1.742794e-01 -1.059327e-01
3.030223e-01 -1.746306e-01 -1.062476e-01
3.028890e-01 -1.749750e-01 -1.065053e-01
3.026786e-01 -1.753315e-01 -1.068074e-01
3.025202e-01 -1.756753e-01 -1.070636e-01
3.022631e-01 -1.760270e-01 -1.073895e-01
3.021295e-01 -1.763851e-01 -1.076479e-01
3.019183e-01 -1.767292e-01 -1.079275e-01
3.016783e-01 -1.770859e-01 -1.082385e-01
3.015407e-01 -1.774367e-01 -1.085270e-01
3.013379e-01 -1.777958e-01 -1.087932e-01
3.011041e-01 -1.781454e-01 -1.090839e-01
3.009277e-01 -1.785034e-01 -1.093857e-01
3.007180e-01 -1.788587e-01 -1.096630e-01
3.005610e-01 -1.792211e-01 -1.099554e-01
3.003139e-01 -1.795739e-01 -1.102353e-01
3.001453e-01 -1.799332e-01 -1.105353e-01
2.999038e-01 -1.802921e-01 -1.108309e-01
2.997196e-01 -1.806572e-01 -1.111049e-01
2.995173e-01 -1.810102e-01 -1.114084e-01
2.993004e-01 -1.813774e-01 -1.116983e-01
2.991027e-01 -1.817340e-01 -1.119895e-01
2.988935e-01 -1.821024e-01 -1.122727e-01
2.986920e-01 -1.824610e-01 -1.125671e-01
2.984669e-01 -1.828273e-01 -1.128634e-01
2.982591e-01 -1.831916e-01 -1.131693e-01
2.980479e-01 -1.835598e-01 -1.134402e-01
2.978269e-01 -1.839232e-01 -1.137453e-01
2.976405e-01 -1.842904e-01 -1.140389e-01
2.974260e-01 -1.846573e-01 -1.143326e-01
2.971463e-01 -1.850233e-01 -1.146279e-01
2.969883e-01 -1.853952e-01 -1.149285e-01
2.967911e-01 -1.857665e-01 -1.152014e-01
2.965261e-01 -1.861361e-01 -1.155192e-01
2.962944e-01 -1.865067e-01 -1.158221e-01
2.961430e-01 -1.868767e-01 -1.160921e-01
2.958384e-01 -1.872474e-01 -1.164091e-01
2.956947e-01 -1.876238e-01 -1.166962e-01
2.954334e-01 -1.879975e-01 -1.169956e-01
2.951742e-01 -1.883679e-01 -1.173099e-01
2.949960e-01 -1.887463e-01 -1.175908e-01
2.947818e-01 -1.891197e-01 -1.178943e-01
2.945277e-01 -1.895020e-01 -1.181874e-01
2.942748e-01 -1.898731e-01 -1.185004e-01
2.941034e-01 -1.902502e-01 -1.187848e-01
2.938221e-01 -1.906331e-01 -1.191011e-01
2.936145e-01 -1.910059e-01 -1.193910e-01
2.933722e-01 -1.913909e-01 -1.196963e-01
2.931686e-01 -1.917667e-01 -1.199935e-01
2.928484e-01 -1.921511e-01 -1.203098e-01
2.926966e-01 -1.925272e-01 -1.205902e-01
2.924192e-01 -1.929142e-01 -1.209124e-01
2.921832e-01 -1.932974e-01 -1.211931e-01
2.919577e-01 -1.936773e-01 -1.215225e-01
2.917246e-01 -1.940646e-01 -1.217969e-01
2.914615e-01 -1.944472e-01 -1.221276e-01
2.912369e-01 -1.948340e-01 -1.224184e-01
2.909685e-01 -1.952215e-01 -1.227285e-01
2.907508e-01 -1.956051e-01 -1.230252e-01
2.904940e-01 -1.959946e-01 -1.233308e-01
2.902790e-01 -1.963816e-01 -1.236382e-01
2.899855e-01 -1.967715e-01 -1.239495e-01
2.897676e-01 -1.971617e-01 -1.242496e-01
2.895202e-01 -1.975470e-01 -1.245622e-01
2.892345e-01 -1.979427e-01 -1.248620e-01
2.889865e-01 -1.983217e-01 -1.251777e-01
2.887421e-01 -1.987252e-01 -1.254879e-01
2.884988e-01 -1.991180e-01 -1.257758e-01
2.882209e-01 -1.995052e-01 -1.261037e-01
2.879851e-01 -1.998998e-01 -1.264071e-01
2.877064e-01 -2.002920e-01 -1.267151e-01
2.875146e-01 -2.006956e-01 -1.270240e-01
2.871556e-01 -2.010812e-01 -1.273343e-01
2.869723e-01 -2.014835e-01 -1.276376e-01
2.866203e-01 -2.018739e-01 -1.279614e-01
2.864423e-01 -2.022770e-01 -1.282608e-01
2.861309e-01 -2.026685e-01 -1.285796e-01
2.859153e-01 -2.030728e-01 -1.288802e-01
2.856118e-01 -2.034670e-01 -1.292053e-01
2.853133e-01 -2.038665e-01 -1.295073e-01
2.851009e-01 -2.042742e-01 -1.298173e-01
2.848051e-01 -2.046670e-01 -1.301351e-01
2.845128e-01 -2.050725e-01 -1.304490e-01
2.842641e-01 -2.054675e-01 -1.307596e-01
2.839773e-01 -2.058773e-01 -1.310765e-01
2.836909e-01 -2.062740e-01 -1.313860e-01
2.834477e-01 -2.066817e-01 -1.316997e-01
2.831672e-01 -2.070846e-01 -1.320158e-01
2.828852e-01 -2.074945e-01 -1.323300e-01
2.825685e-01 -2.078929e-01 -1.326450e-01
2.823346e-01 -2.083024e-01 -1.329660e-01
2.820194e-01 -2.087025e-01 -1.332749e-01
2.817480e-01 -2.091170e-01 -1.335844e-01
2.814369e-01 -2.095193e-01 -1.339122e-01
2.812141e-01 -2.099322e-01 -1.342182e-01
2.809045e-01 -2.103376e-01 -1.345453e-01
2.805579e-01 -2.107427e-01 -1.348592e-01
2.802994e-01 -2.111578e-01 -1.351719e-01
2.800410e-01 -2.115682e-01 -1.354978e-01
2.797428e-01 -2.119750e-01 -1.358059e-01
2.794045e-01 -2.123870e-01 -1.361260e-01
2.791090e-01 -2.127986e-01 -1.364568e-01
2.788193e-01 -2.132109e-01 -1.367644e-01
2.785703e-01 -2.136277e-01 -1.370781e-01
2.782411e-01 -2.140395e-01 -1.374066e-01
2.779137e-01 -2.144472e-01 -1.377285e-01
2.776721e-01 -2.148696e-01 -1.380355e-01
2.773050e-01 -2.152765e-01 -1.383673e-01
2.770271e-01 -2.157005e-01 -1.386787e-01
2.767080e-01 -2.161094e-01 -1.390082e-01
2.764740e-01 -2.165315e-01 -1.393201e-01
2.760763e-01 -2.169426e-01 -1.396543e-01
2.758457e-01 -2.173650e-01 -1.399639e-01
2.754515e-01 -2.177771e-01 -1.402839e-01
2.751829e-01 -2.181979e-01 -1.406138e-01
2.748347e-01 -2.186170e-01 -1.409376e-01
2.745719e-01 -2.190368e-01 -1.412473e-01
2.742264e-01 -2.194552e-01 -1.415827e-01
2.739266e-01 -2.198739e-01 -1.418962e-01
2.735833e-01 -2.202995e-01 -1.422227e-01
2.732881e-01 -2.207196e-01 -1.425456e-01
2.729503e-01 -2.211399e-01 -1.428673e-01
2.726171e-01 -2.215602e-01 -1.431957e-01
2.723239e-01 -2.219802e-01 -1.435183e-01
2.719943e-01 -2.224078e-01 -1.438443e-01
2.716644e-01 -2.228322e-01 -1.441647e-01
2.712951e-01 -2.232528e-01 -1.444868e-01
2.710131e-01 -2.236801e-01 -1.448179e-01
2.706889e-01 -2.241060e-01 -1.451350e-01
2.703260e-01 -2.245226e-01 -1.454720e-01
2.700063e-01 -2.249594e-01 -1.457839e-01
2.696471e-01 -2.253708e-01 -1.461245e-01
2.693321e-01 -2.258058e-01 -1.464405e-01
2.689773e-01 -2.262379e-01 -1.467707e-01
2.686638e-01 -2.266565e-01 -1.470952e-01
2.683134e-01 -2.270867e-01 -1.474220e-01
2.679639e-01 -2.275152e-01 -1.477488e-01
2.676154e-01 -2.279419e-01 -1.480788e-01
2.672692e-01 -2.283727e-01 -1.483999e-01
2.669658e-01 -2.288012e-01 -1.487313e-01
2.665835e-01 -2.292296e-01 -1.490581e-01
2.662424e-01 -2.296630e-01 -1.493844e-01
2.658623e-01 -2.300872e-01 -1.497153e-01
2.655668e-01 -2.305261e-01 -1.500373e-01
2.651895e-01 -2.309561e-01 -1.503684e-01
2.648143e-01 -2.313765e-01 -1.507001e-01
2.644839e-01 -2.318221e-01 -1.510239e-01
2.640708e-01 -2.322439e-01 -1.513597e-01
2.637840e-01 -2.326846e-01 -1.516757e-01
2.634167e-01 -2.331133e-01 -1.520136e-01
2.630082e-01 -2.335492e-01 -1.523444e-01
2.626862e-01 -2.339761e-01 -1.526742e-01
2.622828e-01 -2.344098e-01 -1.529996e-01
2.619627e-01 -2.348541e-01 -1.533246e-01
2.615616e-01 -2.352842e-01 -1.536613e-01
2.611631e-01 -2.357121e-01 -1.539920e-01
2.608898e-01 -2.361556e-01 -1.543171e-01
2.604539e-01 -2.365893e-01 -1.546493e-01
2.600586e-01 -2.370211e-01 -1.549794e-01
2.597089e-01 -2.374576e-01 -1.553148e-01
2.593179e-01 -2.378950e-01 -1.556416e-01
2.589703e-01 -2.383352e-01 -1.559728e-01
2.585839e-01 -2.387676e-01 -1.562995e-01
2.581560e-01 -2.392064e-01 -1.566360e-01
2.578549e-01 -2.396464e-01 -1.569670e-01
2.573898e-01 -2.400829e-01 -1.572902e-01
2.570507e-01 -2.405187e-01 -1.576296e-01
2.566298e-01 -2.409561e-01 -1.579613e-01
2.562516e-01 -2.413940e-01 -1.582895e-01
2.559168e-01 -2.418377e-01 -1.586157e-01
2.554189e-01 -2.422714e-01 -1.589575e-01
2.551281e-01 -2.427178e-01 -1.592846e-01
2.546740e-01 -2.431478e-01 -1.596141e-01
2.543043e-01 -2.435970e-01 -1.599479e-01
2.538940e-01 -2.440273e-01 -1.602841e-01
2.534851e-01 -2.444682e-01 -1.606122e-01
2.531204e-01 -2.449195e-01 -1.609422e-01
2.527146e-01 -2.453535e-01 -1.612729e-01
2.522292e-01 -2.457925e-01 -1.616130e-01
2.519074e-01 -2.462389e-01 -1.619390e-01
2.514664e-01 -2.466693e-01 -1.622780e-01
2.510670e-01 -2.471146e-01 -1.626089e-01
2.506678e-01 -2.475606e-01 -1.629317e-01
2.502306e-01 -2.480023e-01 -1.632735e-01
2.498349e-01 -2.484402e-01 -1.636037e-01
2.494406e-01 -2.488927e-01 -1.639337e-01
2.489657e-01 -2.493239e-01 -1.642691e-01
2.485741e-01 -2.497612e-01 -1.646027e-01
2.481838e-01 -2.502157e-01 -1.649304e-01
2.477146e-01 -2.506540e-01 -1.652665e-01
2.473250e-01 -2.510948e-01 -1.656016e-01
2.468987e-01 -2.515397e-01 -1.659296e-01
2.464321e-01 -2.519785e-01 -1.662635e-01
2.460483e-01 -2.524268e-01 -1.665973e-01
2.455841e-01 -2.528707e-01 -1.669320e-01
2.452013e-01 -2.533165e-01 -1.672593e-01
2.447408e-01 -2.537512e-01 -1.675903e-01
2.442808e-01 -2.541964e-01 -1.679324e-01
2.438619e-01 -2.546418e-01 -1.682612e-01
2.434831e-01 -2.550918e-01 -1.685903e-01
2.429476e-01 -2.555204e-01 -1.689271e-01
2.425718e-01 -2.559783e-01 -1.692587e-01
2.421163e-01 -2.564167e-01 -1.695856e-01
2.416262e-01 -2.568590e-01 -1.699231e-01
2.412507e-01 -2.573018e-01 -1.702567e-01
2.407605e-01 -2.577584e-01 -1.705845e-01
2.403100e-01 -2.581870e-01 -1.709242e-01
2.398999e-01 -2.586425e-01 -1.712521e-01
2.394139e-01 -2.590764e-01 -1.715806e-01
2.389648e-01 -2.595277e-01 -1.719177e-01
2.385188e-01 -2.599714e-01 -1.722468e-01
2.379963e-01 -2.604102e-01 -1.725832e-01
2.376286e-01 -2.608571e-01 -1.729127e-01
2.371085e-01 -2.613036e-01 -1.732416e-01
2.366646e-01 -2.617393e-01 -1.735804e-01
2.362224e-01 -2.621968e-01 -1.739078e-01
2.357040e-01 -2.626277e-01 -1.742381e-01
2.353025e-01 -2.630828e-01 -1.745683e-01
2.347854e-01 -2.635114e-01 -1.749059e-01
2.343079e-01 -2.639718e-01 -1.752296e-01
2.338708e-01 -2.644068e-01 -1.755638e-01
2.333916e-01 -2.648562e-01 -1.758982e-01
2.328818e-01 -2.652913e-01 -1.762265e-01
2.324062e-01 -2.657393e-01 -1.765559e-01
2.319691e-01 -2.661894e-01 -1.768876e-01
2.314971e-01 -2.666302e-01 -1.772207e-01
2.309494e-01 -2.670639e-01 -1.775484e-01
2.305131e-01 -2.675196e-01 -1.778795e-01
2.300062e-01 -2.679562e-01 -1.782104e-01
2.294979e-01 -2.683909e-01 -1.785334e-01
2.290275e-01 -2.688392e-01 -1.788679e-01
2.285569e-01 -2.692902e-01 -1.792013e-01
2.280495e-01 -2.697293e-01 -1.795279e-01
2.275820e-01 -2.701709e-01 -1.798571e-01
2.270387e-01 -2.706126e-01 -1.801835e-01
2.265716e-01 -2.710555e-01 -1.805162e-01
2.260300e-01 -2.714909e-01 -1.808398e-01
2.255642e-01 -2.719396e-01 -1.811729e-01
2.250580e-01 -2.723744e-01 -1.815005e-01
2.245229e-01 -2.728212e-01 -1.818253e-01
2.240901e-01 -2.732642e-01 -1.821563e-01
2.235118e-01 -2.737037e-01 -1.824860e-01
2.230156e-01 -2.741446e-01 -1.828059e-01
2.225101e-01 -2.745824e-01 -1.831397e-01
2.220123e-01 -2.750284e-01 -1.834646e-01
2.214696e-01 -2.754576e-01 -1.837893e-01
2.209715e-01 -2.759043e-01 -1.841205e-01
2.204365e-01 -2.763426e-01 -1.844401e-01
2.199327e-01 -2.767874e-01 -1.847749e-01
2.193988e-01 -2.772214e-01 -1.850935e-01
2.188639e-01 -2.776544e-01 -1.854155e-01
2.183277e-01 -2.780988e-01 -1.857477e-01
2.178302e-01 -2.785365e-01 -1.860663e-01
2.172896e-01 -2.789760e-01 -1.864008e-01
2.167925e-01 -2.794149e-01 -1.867160e-01
2.162211e-01 -2.798509e-01 -1.870457e-01
2.156533e-01 -2.802790e-01 -1.873660e-01
2.151570e-01 -2.807168e-01 -1.876856e-01
2.146150e-01 -2.811675e-01 -1.880156e-01
2.141190e-01 -2.815992e-01 -1.883351e-01
2.134814e-01 -2.820196e-01 -1.886588e-01
2.130141e-01 -2.824732e-01 -1.889777e-01
2.124480e-01 -2.828903e-01 -1.893011e-01
2.119078e-01 -2.833450e-01 -1.896259e-01
2.113425e-01 -2.837619e-01 -1.899433e-01
2.108102e-01 -2.842019e-01 -1.902621e-01
2.102044e-01 -2.846309e-01 -1.905815e-01
2.097017e-01 -2.850665e-01 -1.909025e-01
2.091340e-01 -2.855033e-01 -1.912319e-01
2.085681e-01 -2.859247e-01 -1.915368e-01
2.080259e-01 -2.863717e-01 -1.918705e-01
2.074292e-01 -2.867846e-01 -1.921748e-01
2.068900e-01 -2.872236e-01 -1.924985e-01
2.063553e-01 -2.876630e-01 -1.928188e-01
2.057175e-01 -2.880769e-01 -1.931304e-01
2.051810e-01 -2.885067e-01 -1.934501e-01
2.046413e-01 -2.889434e-01 -1.937657e-01
