-7.247848e-04 -1.100128e+01 1.362892e-04 7.071068e-01 0 0 7.071068e-01
-2.236299e-04 -1.100108e+01 2.368625e-04 7.069882e-01 1.531904e-03 8.252326e-04 7.072232e-01
2.775249e-04 -1.100088e+01 3.374358e-04 7.068680e-01 3.063511e-03 1.651000e-03 7.073369e-01
7.786798e-04 -1.100068e+01 4.380091e-04 7.067464e-01 4.594807e-03 2.477308e-03 7.074478e-01
1.279835e-03 -1.100048e+01 5.385824e-04 7.066231e-01 6.125773e-03 3.304160e-03 7.075559e-01
1.780989e-03 -1.100028e+01 6.391557e-04 7.064984e-01 7.656428e-03 4.131530e-03 7.076612e-01
2.282144e-03 -1.100008e+01 7.397290e-04 7.063721e-01 9.186750e-03 4.959431e-03 7.077637e-01
2.783299e-03 -1.099988e+01 8.403023e-04 7.062443e-01 1.071675e-02 5.787855e-03 7.078634e-01
3.284454e-03 -1.099968e+01 9.408756e-04 7.061150e-01 1.224641e-02 6.616790e-03 7.079603e-01
3.785609e-03 -1.099948e+01 1.041449e-03 7.059841e-01 1.377573e-02 7.446241e-03 7.080545e-01
4.286764e-03 -1.099929e+01 1.142022e-03 7.058517e-01 1.530472e-02 8.276205e-03 7.081459e-01
4.787919e-03 -1.099909e+01 1.242595e-03 7.057178e-01 1.683336e-02 9.106666e-03 7.082345e-01
5.289073e-03 -1.099889e+01 1.343169e-03 7.055823e-01 1.836165e-02 9.937625e-03 7.083203e-01
5.790228e-03 -1.099869e+01 1.443742e-03 7.054453e-01 1.988958e-02 1.076909e-02 7.084034e-01
6.291383e-03 -1.099849e+01 1.544315e-03 7.053068e-01 2.141716e-02 1.160104e-02 7.084837e-01
6.792538e-03 -1.099829e+01 1.644889e-03 7.051667e-01 2.294438e-02 1.243347e-02 7.085612e-01
7.293693e-03 -1.099809e+01 1.745462e-03 7.050251e-01 2.447124e-02 1.326639e-02 7.086359e-01
7.794848e-03 -1.099789e+01 1.846035e-03 7.048819e-01 2.599772e-02 1.409979e-02 7.087078e-01
8.296003e-03 -1.099769e+01 1.946609e-03 7.047372e-01 2.752382e-02 1.493366e-02 7.087770e-01
8.797157e-03 -1.099749e+01 2.047182e-03 7.045910e-01 2.904956e-02 1.576801e-02 7.088435e-01
9.298312e-03 -1.099729e+01 2.147755e-03 7.044432e-01 3.057491e-02 1.660282e-02 7.089072e-01
9.799467e-03 -1.099709e+01 2.248328e-03 7.042938e-01 3.209988e-02 1.743810e-02 7.089680e-01
1.030062e-02 -1.099689e+01 2.348902e-03 7.041430e-01 3.362445e-02 1.827382e-02 7.090262e-01
1.080178e-02 -1.099669e+01 2.449475e-03 7.039906e-01 3.514864e-02 1.911000e-02 7.090815e-01
1.130293e-02 -1.099649e+01 2.550048e-03 7.038367e-01 3.667242e-02 1.994663e-02 7.091341e-01
1.180409e-02 -1.099629e+01 2.650622e-03 7.036811e-01 3.819581e-02 2.078371e-02 7.091840e-01
1.230524e-02 -1.099609e+01 2.751195e-03 7.035241e-01 3.971880e-02 2.162123e-02 7.092311e-01
1.280640e-02 -1.099589e+01 2.851768e-03 7.033655e-01 4.124137e-02 2.245918e-02 7.092755e-01
1.330755e-02 -1.099569e+01 2.952342e-03 7.032054e-01 4.276353e-02 2.329756e-02 7.093170e-01
1.380871e-02 -1.099549e+01 3.052915e-03 7.030437e-01 4.428528e-02 2.413637e-02 7.093559e-01
1.430986e-02 -1.099529e+01 3.153488e-03 7.028805e-01 4.580661e-02 2.497561e-02 7.093920e-01
1.481102e-02 -1.099509e+01 3.254061e-03 7.027158e-01 4.732751e-02 2.581527e-02 7.094253e-01
1.531217e-02 -1.099489e+01 3.354635e-03 7.025495e-01 4.884799e-02 2.665534e-02 7.094559e-01
1.581333e-02 -1.099469e+01 3.455208e-03 7.023816e-01 5.036803e-02 2.749582e-02 7.094837e-01
1.631448e-02 -1.099449e+01 3.555781e-03 7.022122e-01 5.188763e-02 2.833671e-02 7.095088e-01
1.681563e-02 -1.099429e+01 3.656355e-03 7.020413e-01 5.340680e-02 2.917799e-02 7.095311e-01
1.731679e-02 -1.099409e+01 3.756928e-03 7.018688e-01 5.492552e-02 3.001969e-02 7.095507e-01
1.781794e-02 -1.099389e+01 3.857501e-03 7.016948e-01 5.644380e-02 3.086177e-02 7.095676e-01
1.831910e-02 -1.099369e+01 3.958075e-03 7.015192e-01 5.796162e-02 3.170425e-02 7.095817e-01
1.882025e-02 -1.099349e+01 4.058648e-03 7.013421e-01 5.947900e-02 3.254710e-02 7.095930e-01
1.932141e-02 -1.099329e+01 4.159221e-03 7.011634e-01 6.099590e-02 3.339033e-02 7.096017e-01
1.982256e-02 -1.099309e+01 4.259794e-03 7.009831e-01 6.251235e-02 3.423395e-02 7.096076e-01
2.032372e-02 -1.099289e+01 4.360368e-03 7.008013e-01 6.402834e-02 3.507795e-02 7.096107e-01
2.082487e-02 -1.099269e+01 4.460941e-03 7.006180e-01 6.554385e-02 3.592231e-02 7.096112e-01
2.132603e-02 -1.099249e+01 4.561514e-03 7.004331e-01 6.705888e-02 3.676703e-02 7.096089e-01
2.182718e-02 -1.099229e+01 4.662088e-03 7.002467e-01 6.857345e-02 3.761210e-02 7.096038e-01
2.232834e-02 -1.099209e+01 4.762661e-03 7.000587e-01 7.008752e-02 3.845755e-02 7.095960e-01
2.282949e-02 -1.099189e+01 4.863234e-03 6.998692e-01 7.160112e-02 3.930334e-02 7.095855e-01
2.333065e-02 -1.099169e+01 4.963807e-03 6.996781e-01 7.311422e-02 4.014948e-02 7.095723e-01
2.383180e-02 -1.099149e+01 5.064381e-03 6.994855e-01 7.462683e-02 4.099595e-02 7.095564e-01
2.433296e-02 -1.099129e+01 5.164954e-03 6.992913e-01 7.613895e-02 4.184277e-02 7.095377e-01
2.483411e-02 -1.099109e+01 5.265527e-03 6.990956e-01 7.765055e-02 4.268993e-02 7.095163e-01
2.533527e-02 -1.099089e+01 5.366101e-03 6.988983e-01 7.916167e-02 4.353741e-02 7.094921e-01
2.583642e-02 -1.099069e+01 5.466674e-03 6.986995e-01 8.067227e-02 4.438522e-02 7.094653e-01
2.633758e-02 -1.099049e+01 5.567247e-03 6.984991e-01 8.218236e-02 4.523336e-02 7.094357e-01
2.683873e-02 -1.099029e+01 5.667821e-03 6.982971e-01 8.369194e-02 4.608180e-02 7.094034e-01
2.733989e-02 -1.099009e+01 5.768394e-03 6.980937e-01 8.520099e-02 4.693056e-02 7.093684e-01
2.784104e-02 -1.098989e+01 5.868967e-03 6.978886e-01 8.670952e-02 4.777964e-02 7.093307e-01
2.834220e-02 -1.098969e+01 5.969540e-03 6.976820e-01 8.821753e-02 4.862901e-02 7.092903e-01
2.884335e-02 -1.098949e+01 6.070114e-03 6.974739e-01 8.972500e-02 4.947869e-02 7.092471e-01
2.934451e-02 -1.098929e+01 6.170687e-03 6.972642e-01 9.123194e-02 5.032867e-02 7.092012e-01
2.984566e-02 -1.098909e+01 6.271260e-03 6.970529e-01 9.273835e-02 5.117894e-02 7.091527e-01
3.034682e-02 -1.098889e+01 6.371834e-03 6.968401e-01 9.424420e-02 5.202949e-02 7.091014e-01
3.084797e-02 -1.098869e+01 6.472407e-03 6.966258e-01 9.574952e-02 5.288033e-02 7.090474e-01
3.134913e-02 -1.098849e+01 6.572980e-03 6.964099e-01 9.725428e-02 5.373145e-02 7.089907e-01
3.185028e-02 -1.098829e+01 6.673554e-03 6.961924e-01 9.875850e-02 5.458285e-02 7.089313e-01
3.235144e-02 -1.098809e+01 6.774127e-03 6.959734e-01 1.002622e-01 5.543451e-02 7.088692e-01
3.285259e-02 -1.098789e+01 6.874700e-03 6.957529e-01 1.017653e-01 5.628645e-02 7.088043e-01
3.335374e-02 -1.098769e+01 6.975273e-03 6.955308e-01 1.032678e-01 5.713865e-02 7.087368e-01
3.385490e-02 -1.098749e+01 7.075847e-03 6.953071e-01 1.047697e-01 5.799109e-02 7.086666e-01
3.435605e-02 -1.098729e+01 7.176420e-03 6.950819e-01 1.062711e-01 5.884380e-02 7.085937e-01
3.485721e-02 -1.098709e+01 7.276993e-03 6.948551e-01 1.077720e-01 5.969677e-02 7.085181e-01
3.535836e-02 -1.098689e+01 7.377567e-03 6.946268e-01 1.092722e-01 6.054997e-02 7.084397e-01
3.585952e-02 -1.098669e+01 7.478140e-03 6.943970e-01 1.107719e-01 6.140341e-02 7.083587e-01
3.636067e-02 -1.098649e+01 7.578713e-03 6.941655e-01 1.122709e-01 6.225710e-02 7.082750e-01
3.686183e-02 -1.098629e+01 7.679287e-03 6.939326e-01 1.137694e-01 6.311102e-02 7.081886e-01
3.736298e-02 -1.098609e+01 7.779860e-03 6.936981e-01 1.152673e-01 6.396517e-02 7.080995e-01
3.786414e-02 -1.098589e+01 7.880433e-03 6.934620e-01 1.167646e-01 6.481954e-02 7.080077e-01
3.836529e-02 -1.098569e+01 7.981006e-03 6.932244e-01 1.182613e-01 6.567413e-02 7.079132e-01
3.886645e-02 -1.098549e+01 8.081580e-03 6.929852e-01 1.197574e-01 6.652894e-02 7.078161e-01
3.936760e-02 -1.098529e+01 8.182153e-03 6.927445e-01 1.212528e-01 6.738397e-02 7.077162e-01
3.986876e-02 -1.098509e+01 8.282726e-03 6.925022e-01 1.227477e-01 6.823920e-02 7.076136e-01
4.036991e-02 -1.098489e+01 8.383300e-03 6.922584e-01 1.242419e-01 6.909464e-02 7.075084e-01
4.087107e-02 -1.098469e+01 8.483873e-03 6.920131e-01 1.257356e-01 6.995027e-02 7.074005e-01
4.137222e-02 -1.098449e+01 8.584446e-03 6.917661e-01 1.272286e-01 7.080610e-02 7.072899e-01
4.187338e-02 -1.098430e+01 8.685020e-03 6.915177e-01 1.287210e-01 7.166212e-02 7.071766e-01
4.237453e-02 -1.098410e+01 8.785593e-03 6.912677e-01 1.302127e-01 7.251833e-02 7.070606e-01
4.287569e-02 -1.098390e+01 8.886166e-03 6.910161e-01 1.317038e-01 7.337472e-02 7.069420e-01
4.337684e-02 -1.098370e+01 8.986739e-03 6.907630e-01 1.331943e-01 7.423130e-02 7.068207e-01
4.387800e-02 -1.098350e+01 9.087313e-03 6.905083e-01 1.346842e-01 7.508803e-02 7.066967e-01
4.437915e-02 -1.098330e+01 9.187886e-03 6.902521e-01 1.361734e-01 7.594496e-02 7.065700e-01
4.488031e-02 -1.098310e+01 9.288459e-03 6.899944e-01 1.376619e-01 7.680204e-02 7.064407e-01
4.538146e-02 -1.098290e+01 9.389033e-03 6.897351e-01 1.391498e-01 7.765928e-02 7.063087e-01
4.588262e-02 -1.098270e+01 9.489606e-03 6.894742e-01 1.406371e-01 7.851669e-02 7.061739e-01
4.638377e-02 -1.098250e+01 9.590179e-03 6.892118e-01 1.421236e-01 7.937425e-02 7.060366e-01
4.688493e-02 -1.098230e+01 9.690753e-03 6.889479e-01 1.436096e-01 8.023195e-02 7.058965e-01
4.738608e-02 -1.098210e+01 9.791326e-03 6.886824e-01 1.450948e-01 8.108981e-02 7.057538e-01
4.788724e-02 -1.098190e+01 9.891899e-03 6.884154e-01 1.465794e-01 8.194779e-02 7.056084e-01
4.838839e-02 -1.098170e+01 9.992472e-03 6.881468e-01 1.480633e-01 8.280593e-02 7.054604e-01
4.888955e-02 -1.098150e+01 1.009305e-02 6.878767e-01 1.495466e-01 8.366419e-02 7.053097e-01
4.939070e-02 -1.098130e+01 1.019362e-02 6.876051e-01 1.510291e-01 8.452259e-02 7.051563e-01
4.989185e-02 -1.098110e+01 1.029419e-02 6.873318e-01 1.525110e-01 8.538111e-02 7.050003e-01
5.039301e-02 -1.098090e+01 1.039477e-02 6.870571e-01 1.539922e-01 8.623974e-02 7.048416e-01
5.089416e-02 -1.098070e+01 1.049534e-02 6.867808e-01 1.554726e-01 8.709849e-02 7.046802e-01
5.139532e-02 -1.098050e+01 1.059591e-02 6.865030e-01 1.569524e-01 8.795736e-02 7.045162e-01
5.189647e-02 -1.098030e+01 1.069649e-02 6.862236e-01 1.584315e-01 8.881633e-02 7.043495e-01
5.239763e-02 -1.098010e+01 1.079706e-02 6.859427e-01 1.599099e-01 8.967541e-02 7.041802e-01
5.289878e-02 -1.097990e+01 1.089763e-02 6.856603e-01 1.613876e-01 9.053459e-02 7.040082e-01
5.339994e-02 -1.097970e+01 1.099821e-02 6.853763e-01 1.628646e-01 9.139386e-02 7.038335e-01
5.390109e-02 -1.097950e+01 1.109878e-02 6.850908e-01 1.643409e-01 9.225323e-02 7.036562e-01
5.440225e-02 -1.097930e+01 1.119935e-02 6.848037e-01 1.658164e-01 9.311269e-02 7.034762e-01
5.490340e-02 -1.097910e+01 1.129993e-02 6.845151e-01 1.672913e-01 9.397222e-02 7.032936e-01
5.540456e-02 -1.097890e+01 1.140050e-02 6.842250e-01 1.687654e-01 9.483183e-02 7.031084e-01
5.590571e-02 -1.097870e+01 1.150107e-02 6.839333e-01 1.702388e-01 9.569153e-02 7.029204e-01
5.640687e-02 -1.097850e+01 1.160165e-02 6.836401e-01 1.717115e-01 9.655128e-02 7.027299e-01
5.690802e-02 -1.097830e+01 1.170222e-02 6.833453e-01 1.731834e-01 9.741111e-02 7.025367e-01
5.740918e-02 -1.097810e+01 1.180279e-02 6.830490e-01 1.746546e-01 9.827099e-02 7.023408e-01
5.791033e-02 -1.097790e+01 1.190337e-02 6.827512e-01 1.761250e-01 9.913095e-02 7.021423e-01
5.841149e-02 -1.097770e+01 1.200394e-02 6.824519e-01 1.775947e-01 9.999095e-02 7.019411e-01
5.891264e-02 -1.097750e+01 1.210451e-02 6.821510e-01 1.790637e-01 1.008510e-01 7.017374e-01
5.941380e-02 -1.097730e+01 1.220508e-02 6.818486e-01 1.805319e-01 1.017111e-01 7.015309e-01
5.991495e-02 -1.097710e+01 1.230566e-02 6.815446e-01 1.819993e-01 1.025712e-01 7.013218e-01
6.041611e-02 -1.097690e+01 1.240623e-02 6.812391e-01 1.834660e-01 1.034314e-01 7.011101e-01
6.091726e-02 -1.097670e+01 1.250680e-02 6.809321e-01 1.849319e-01 1.042916e-01 7.008958e-01
6.141842e-02 -1.097650e+01 1.260738e-02 6.806236e-01 1.863971e-01 1.051519e-01 7.006788e-01
6.191957e-02 -1.097630e+01 1.270795e-02 6.803135e-01 1.878615e-01 1.060121e-01 7.004591e-01
6.242073e-02 -1.097610e+01 1.280852e-02 6.800019e-01 1.893251e-01 1.068724e-01 7.002368e-01
6.292188e-02 -1.097590e+01 1.290910e-02 6.796888e-01 1.907880e-01 1.077327e-01 7.000120e-01
6.342304e-02 -1.097570e+01 1.300967e-02 6.793742e-01 1.922500e-01 1.085931e-01 6.997844e-01
6.392419e-02 -1.097550e+01 1.311024e-02 6.790580e-01 1.937113e-01 1.094534e-01 6.995542e-01
6.442535e-02 -1.097530e+01 1.321082e-02 6.787403e-01 1.951718e-01 1.103137e-01 6.993214e-01
6.492650e-02 -1.097510e+01 1.331139e-02 6.784211e-01 1.966315e-01 1.111741e-01 6.990860e-01
6.542766e-02 -1.097490e+01 1.341196e-02 6.781003e-01 1.980904e-01 1.120344e-01 6.988479e-01
6.592881e-02 -1.097470e+01 1.351254e-02 6.777781e-01 1.995486e-01 1.128947e-01 6.986072e-01
6.642996e-02 -1.097450e+01 1.361311e-02 6.774543e-01 2.010059e-01 1.137550e-01 6.983639e-01
6.693112e-02 -1.097430e+01 1.371368e-02 6.771290e-01 2.024624e-01 1.146153e-01 6.981180e-01
6.743227e-02 -1.097410e+01 1.381426e-02 6.768021e-01 2.039181e-01 1.154756e-01 6.978694e-01
6.793343e-02 -1.097390e+01 1.391483e-02 6.764738e-01 2.053730e-01 1.163358e-01 6.976182e-01
6.843458e-02 -1.097370e+01 1.401540e-02 6.761439e-01 2.068271e-01 1.171961e-01 6.973643e-01
6.893574e-02 -1.097350e+01 1.411598e-02 6.758126e-01 2.082803e-01 1.180563e-01 6.971079e-01
6.943689e-02 -1.097330e+01 1.421655e-02 6.754796e-01 2.097328e-01 1.189164e-01 6.968488e-01
6.993805e-02 -1.097310e+01 1.431712e-02 6.751452e-01 2.111844e-01 1.197765e-01 6.965871e-01
7.043920e-02 -1.097290e+01 1.441770e-02 6.748093e-01 2.126352e-01 1.206366e-01 6.963228e-01
7.094036e-02 -1.097270e+01 1.451827e-02 6.744719e-01 2.140852e-01 1.214966e-01 6.960559e-01
7.144151e-02 -1.097250e+01 1.461884e-02 6.741329e-01 2.155343e-01 1.223566e-01 6.957864e-01
7.194267e-02 -1.097230e+01 1.471942e-02 6.737924e-01 2.169826e-01 1.232165e-01 6.955142e-01
7.244382e-02 -1.097210e+01 1.481999e-02 6.734505e-01 2.184300e-01 1.240764e-01 6.952394e-01
7.294498e-02 -1.097190e+01 1.492056e-02 6.731070e-01 2.198766e-01 1.249362e-01 6.949620e-01
7.344613e-02 -1.097170e+01 1.502114e-02 6.727620e-01 2.213224e-01 1.257959e-01 6.946820e-01
7.394729e-02 -1.097150e+01 1.512171e-02 6.724155e-01 2.227673e-01 1.266556e-01 6.943994e-01
7.444844e-02 -1.097130e+01 1.522228e-02 6.720675e-01 2.242113e-01 1.275152e-01 6.941142e-01
7.494960e-02 -1.097110e+01 1.532286e-02 6.717180e-01 2.256545e-01 1.283746e-01 6.938263e-01
7.545075e-02 -1.097090e+01 1.542343e-02 6.713670e-01 2.270968e-01 1.292341e-01 6.935359e-01
7.595191e-02 -1.097070e+01 1.552400e-02 6.710145e-01 2.285383e-01 1.300934e-01 6.932428e-01
7.645306e-02 -1.097050e+01 1.562458e-02 6.706605e-01 2.299789e-01 1.309526e-01 6.929471e-01
7.695422e-02 -1.097030e+01 1.572515e-02 6.703049e-01 2.314186e-01 1.318118e-01 6.926488e-01
7.745537e-02 -1.097010e+01 1.582572e-02 6.699479e-01 2.328574e-01 1.326708e-01 6.923480e-01
7.795653e-02 -1.096990e+01 1.592630e-02 6.695894e-01 2.342954e-01 1.335297e-01 6.920445e-01
7.845768e-02 -1.096970e+01 1.602687e-02 6.692294e-01 2.357324e-01 1.343885e-01 6.917384e-01
7.895884e-02 -1.096950e+01 1.612744e-02 6.688678e-01 2.371686e-01 1.352473e-01 6.914297e-01
7.945999e-02 -1.096931e+01 1.622802e-02 6.685049e-01 2.386039e-01 1.361059e-01 6.911184e-01
7.996115e-02 -1.096911e+01 1.632859e-02 6.681404e-01 2.400383e-01 1.369643e-01 6.908045e-01
8.046230e-02 -1.096891e+01 1.642916e-02 6.677744e-01 2.414718e-01 1.378227e-01 6.904880e-01
8.096346e-02 -1.096871e+01 1.652974e-02 6.674069e-01 2.429044e-01 1.386809e-01 6.901689e-01
8.146461e-02 -1.096851e+01 1.663031e-02 6.670379e-01 2.443361e-01 1.395390e-01 6.898472e-01
8.196577e-02 -1.096831e+01 1.673088e-02 6.666674e-01 2.457669e-01 1.403969e-01 6.895229e-01
8.246692e-02 -1.096811e+01 1.683146e-02 6.662955e-01 2.471968e-01 1.412548e-01 6.891960e-01
8.296807e-02 -1.096791e+01 1.693203e-02 6.659220e-01 2.486258e-01 1.421124e-01 6.888666e-01
8.346923e-02 -1.096771e+01 1.703260e-02 6.655471e-01 2.500538e-01 1.429699e-01 6.885345e-01
8.397038e-02 -1.096751e+01 1.713318e-02 6.651707e-01 2.514809e-01 1.438273e-01 6.881998e-01
8.447154e-02 -1.096731e+01 1.723375e-02 6.647928e-01 2.529071e-01 1.446845e-01 6.878625e-01
8.497269e-02 -1.096711e+01 1.733432e-02 6.644135e-01 2.543324e-01 1.455416e-01 6.875227e-01
8.547385e-02 -1.096691e+01 1.743490e-02 6.640326e-01 2.557568e-01 1.463984e-01 6.871802e-01
8.597500e-02 -1.096671e+01 1.753547e-02 6.636503e-01 2.571802e-01 1.472552e-01 6.868352e-01
8.647616e-02 -1.096651e+01 1.763604e-02 6.632664e-01 2.586026e-01 1.481117e-01 6.864876e-01
8.697731e-02 -1.096631e+01 1.773662e-02 6.628812e-01 2.600242e-01 1.489681e-01 6.861374e-01
8.747847e-02 -1.096611e+01 1.783719e-02 6.624944e-01 2.614448e-01 1.498243e-01 6.857846e-01
8.797962e-02 -1.096591e+01 1.793776e-02 6.621062e-01 2.628644e-01 1.506803e-01 6.854292e-01
8.848078e-02 -1.096571e+01 1.803834e-02 6.617165e-01 2.642831e-01 1.515361e-01 6.850712e-01
8.898193e-02 -1.096551e+01 1.813891e-02 6.613253e-01 2.657008e-01 1.523917e-01 6.847107e-01
8.948309e-02 -1.096531e+01 1.823948e-02 6.609326e-01 2.671176e-01 1.532471e-01 6.843475e-01
8.998424e-02 -1.096511e+01 1.834006e-02 6.605385e-01 2.685334e-01 1.541024e-01 6.839818e-01
9.048540e-02 -1.096491e+01 1.844063e-02 6.601429e-01 2.699482e-01 1.549574e-01 6.836135e-01
9.098655e-02 -1.096471e+01 1.854120e-02 6.597459e-01 2.713621e-01 1.558122e-01 6.832427e-01
9.148771e-02 -1.096451e+01 1.864178e-02 6.593474e-01 2.727750e-01 1.566668e-01 6.828692e-01
9.198886e-02 -1.096431e+01 1.874235e-02 6.589474e-01 2.741869e-01 1.575212e-01 6.824932e-01
9.249002e-02 -1.096411e+01 1.884292e-02 6.585460e-01 2.755979e-01 1.583754e-01 6.821145e-01
9.299117e-02 -1.096391e+01 1.894350e-02 6.581431e-01 2.770078e-01 1.592293e-01 6.817333e-01
9.349233e-02 -1.096371e+01 1.904407e-02 6.577387e-01 2.784168e-01 1.600831e-01 6.813496e-01
9.399348e-02 -1.096351e+01 1.914464e-02 6.573329e-01 2.798248e-01 1.609366e-01 6.809632e-01
9.449464e-02 -1.096331e+01 1.924522e-02 6.569257e-01 2.812318e-01 1.617898e-01 6.805743e-01
9.499579e-02 -1.096311e+01 1.934579e-02 6.565169e-01 2.826378e-01 1.626428e-01 6.801828e-01
9.549695e-02 -1.096291e+01 1.944636e-02 6.561068e-01 2.840428e-01 1.634956e-01 6.797888e-01
9.599810e-02 -1.096271e+01 1.954694e-02 6.556952e-01 2.854468e-01 1.643481e-01 6.793921e-01
9.649926e-02 -1.096251e+01 1.964751e-02 6.552821e-01 2.868498e-01 1.652004e-01 6.789929e-01
9.700041e-02 -1.096231e+01 1.974808e-02 6.548676e-01 2.882518e-01 1.660524e-01 6.785911e-01
9.750157e-02 -1.096211e+01 1.984866e-02 6.544516e-01 2.896527e-01 1.669042e-01 6.781868e-01
9.800272e-02 -1.096191e+01 1.994923e-02 6.540342e-01 2.910527e-01 1.677557e-01 6.777799e-01
9.850388e-02 -1.096171e+01 2.004980e-02 6.536154e-01 2.924516e-01 1.686070e-01 6.773704e-01
9.900503e-02 -1.096151e+01 2.015038e-02 6.531951e-01 2.938495e-01 1.694579e-01 6.769584e-01
9.950619e-02 -1.096131e+01 2.025095e-02 6.527734e-01 2.952464e-01 1.703086e-01 6.765438e-01
1.000073e-01 -1.096111e+01 2.035152e-02 6.523502e-01 2.966423e-01 1.711590e-01 6.761266e-01
1.005085e-01 -1.096091e+01 2.045210e-02 6.519256e-01 2.980371e-01 1.720092e-01 6.757069e-01
1.010096e-01 -1.096071e+01 2.055267e-02 6.514996e-01 2.994308e-01 1.728590e-01 6.752846e-01
1.015108e-01 -1.096051e+01 2.065324e-02 6.510721e-01 3.008236e-01 1.737086e-01 6.748597e-01
1.020120e-01 -1.096031e+01 2.075382e-02 6.506432e-01 3.022153e-01 1.745579e-01 6.744323e-01
1.025131e-01 -1.096011e+01 2.085439e-02 6.502129e-01 3.036059e-01 1.754068e-01 6.740023e-01
1.030143e-01 -1.095991e+01 2.095496e-02 6.497811e-01 3.049955e-01 1.762555e-01 6.735698e-01
1.035154e-01 -1.095971e+01 2.105554e-02 6.493479e-01 3.063841e-01 1.771039e-01 6.731347e-01
1.040166e-01 -1.095951e+01 2.115611e-02 6.489134e-01 3.077716e-01 1.779519e-01 6.726970e-01
1.045177e-01 -1.095931e+01 2.125668e-02 6.484773e-01 3.091580e-01 1.787997e-01 6.722568e-01
1.050189e-01 -1.095911e+01 2.135726e-02 6.480399e-01 3.105433e-01 1.796471e-01 6.718140e-01
1.055200e-01 -1.095891e+01 2.145783e-02 6.476010e-01 3.119276e-01 1.804942e-01 6.713687e-01
1.060212e-01 -1.095871e+01 2.155840e-02 6.471607e-01 3.133108e-01 1.813410e-01 6.709208e-01
1.065224e-01 -1.095851e+01 2.165898e-02 6.467190e-01 3.146930e-01 1.821875e-01 6.704704e-01
1.070235e-01 -1.095831e+01 2.175955e-02 6.462759e-01 3.160741e-01 1.830336e-01 6.700174e-01
1.075247e-01 -1.095811e+01 2.186012e-02 6.458314e-01 3.174540e-01 1.838794e-01 6.695619e-01
1.080258e-01 -1.095791e+01 2.196069e-02 6.453855e-01 3.188329e-01 1.847249e-01 6.691038e-01
1.085270e-01 -1.095771e+01 2.206127e-02 6.449381e-01 3.202108e-01 1.855700e-01 6.686431e-01
1.090281e-01 -1.095751e+01 2.216184e-02 6.444894e-01 3.215875e-01 1.864148e-01 6.681800e-01
1.095293e-01 -1.095731e+01 2.226241e-02 6.440392e-01 3.229631e-01 1.872592e-01 6.677142e-01
1.100304e-01 -1.095711e+01 2.236299e-02 6.435877e-01 3.243376e-01 1.881033e-01 6.672459e-01
1.105316e-01 -1.095691e+01 2.246356e-02 6.431347e-01 3.257111e-01 1.889470e-01 6.667751e-01
1.110327e-01 -1.095671e+01 2.256413e-02 6.426804e-01 3.270834e-01 1.897903e-01 6.663017e-01
1.115339e-01 -1.095651e+01 2.266471e-02 6.422247e-01 3.284546e-01 1.906333e-01 6.658258e-01
1.120351e-01 -1.095631e+01 2.276528e-02 6.417675e-01 3.298247e-01 1.914759e-01 6.653474e-01
1.125362e-01 -1.095611e+01 2.286585e-02 6.413090e-01 3.311937e-01 1.923182e-01 6.648664e-01
1.130374e-01 -1.095591e+01 2.296643e-02 6.408491e-01 3.325615e-01 1.931600e-01 6.643828e-01
1.135385e-01 -1.095571e+01 2.306700e-02 6.403877e-01 3.339283e-01 1.940015e-01 6.638967e-01
1.140397e-01 -1.095551e+01 2.316757e-02 6.399250e-01 3.352939e-01 1.948426e-01 6.634081e-01
1.145408e-01 -1.095531e+01 2.326815e-02 6.394610e-01 3.366584e-01 1.956834e-01 6.629169e-01
1.150420e-01 -1.095511e+01 2.336872e-02 6.389955e-01 3.380218e-01 1.965237e-01 6.624232e-01
1.155431e-01 -1.095491e+01 2.346929e-02 6.385286e-01 3.393840e-01 1.973636e-01 6.619270e-01
1.160443e-01 -1.095471e+01 2.356987e-02 6.380604e-01 3.407451e-01 1.982032e-01 6.614282e-01
1.165454e-01 -1.095451e+01 2.367044e-02 6.375908e-01 3.421050e-01 1.990423e-01 6.609269e-01
1.170466e-01 -1.095431e+01 2.377101e-02 6.371198e-01 3.434638e-01 1.998810e-01 6.604230e-01
1.175478e-01 -1.095412e+01 2.387159e-02 6.366475e-01 3.448214e-01 2.007193e-01 6.599166e-01
1.180489e-01 -1.095392e+01 2.397216e-02 6.361738e-01 3.461779e-01 2.015572e-01 6.594077e-01
1.185501e-01 -1.095372e+01 2.407273e-02 6.356987e-01 3.475333e-01 2.023947e-01 6.588962e-01
1.190512e-01 -1.095352e+01 2.417331e-02 6.352222e-01 3.488874e-01 2.032318e-01 6.583822e-01
1.195524e-01 -1.095332e+01 2.427388e-02 6.347444e-01 3.502405e-01 2.040685e-01 6.578657e-01
1.200535e-01 -1.095312e+01 2.437445e-02 6.342652e-01 3.515923e-01 2.049047e-01 6.573466e-01
1.205547e-01 -1.095292e+01 2.447503e-02 6.337846e-01 3.529430e-01 2.057405e-01 6.568251e-01
1.210558e-01 -1.095272e+01 2.457560e-02 6.333028e-01 3.542925e-01 2.065758e-01 6.563009e-01
1.215570e-01 -1.095252e+01 2.467617e-02 6.328195e-01 3.556408e-01 2.074108e-01 6.557743e-01
1.220582e-01 -1.095232e+01 2.477675e-02 6.323348e-01 3.569879e-01 2.082452e-01 6.552451e-01
1.225593e-01 -1.095212e+01 2.487732e-02 6.318489e-01 3.583339e-01 2.090793e-01 6.547134e-01
1.230605e-01 -1.095192e+01 2.497789e-02 6.313616e-01 3.596787e-01 2.099128e-01 6.541792e-01
1.235616e-01 -1.095172e+01 2.507847e-02 6.308729e-01 3.610223e-01 2.107459e-01 6.536424e-01
1.240628e-01 -1.095152e+01 2.517904e-02 6.303829e-01 3.623647e-01 2.115786e-01 6.531031e-01
1.245639e-01 -1.095132e+01 2.527961e-02 6.298916e-01 3.637058e-01 2.124108e-01 6.525614e-01
1.250651e-01 -1.095112e+01 2.538019e-02 6.293989e-01 3.650458e-01 2.132426e-01 6.520170e-01
1.255662e-01 -1.095092e+01 2.548076e-02 6.289048e-01 3.663846e-01 2.140739e-01 6.514702e-01
1.260674e-01 -1.095072e+01 2.558133e-02 6.284095e-01 3.677222e-01 2.149046e-01 6.509208e-01
1.265685e-01 -1.095052e+01 2.568191e-02 6.279128e-01 3.690586e-01 2.157350e-01 6.503689e-01
1.270697e-01 -1.095032e+01 2.578248e-02 6.274147e-01 3.703937e-01 2.165648e-01 6.498145e-01
1.275709e-01 -1.095012e+01 2.588305e-02 6.269154e-01 3.717277e-01 2.173942e-01 6.492576e-01
1.280720e-01 -1.094992e+01 2.598363e-02 6.264147e-01 3.730604e-01 2.182231e-01 6.486981e-01
1.285732e-01 -1.094972e+01 2.608420e-02 6.259127e-01 3.743919e-01 2.190515e-01 6.481362e-01
1.290743e-01 -1.094952e+01 2.618477e-02 6.254093e-01 3.757221e-01 2.198794e-01 6.475717e-01
1.295755e-01 -1.094932e+01 2.628535e-02 6.249047e-01 3.770512e-01 2.207068e-01 6.470047e-01
1.300766e-01 -1.094912e+01 2.638592e-02 6.243987e-01 3.783790e-01 2.215337e-01 6.464352e-01
1.305778e-01 -1.094892e+01 2.648649e-02 6.238914e-01 3.797055e-01 2.223601e-01 6.458631e-01
1.310789e-01 -1.094872e+01 2.658707e-02 6.233828e-01 3.810309e-01 2.231860e-01 6.452886e-01
1.315801e-01 -1.094852e+01 2.668764e-02 6.228729e-01 3.823549e-01 2.240114e-01 6.447115e-01
1.320813e-01 -1.094832e+01 2.678821e-02 6.223617e-01 3.836778e-01 2.248363e-01 6.441319e-01
1.325824e-01 -1.094812e+01 2.688879e-02 6.218491e-01 3.849993e-01 2.256607e-01 6.435499e-01
1.330836e-01 -1.094792e+01 2.698936e-02 6.213353e-01 3.863197e-01 2.264845e-01 6.429653e-01
1.335847e-01 -1.094772e+01 2.708993e-02 6.208202e-01 3.876387e-01 2.273078e-01 6.423782e-01
1.340859e-01 -1.094752e+01 2.719051e-02 6.203037e-01 3.889565e-01 2.281306e-01 6.417886e-01
1.345870e-01 -1.094732e+01 2.729108e-02 6.197860e-01 3.902730e-01 2.289529e-01 6.411964e-01
1.350882e-01 -1.094712e+01 2.739165e-02 6.192670e-01 3.915883e-01 2.297746e-01 6.406018e-01
1.355893e-01 -1.094692e+01 2.749223e-02 6.187466e-01 3.929023e-01 2.305958e-01 6.400047e-01
1.360905e-01 -1.094672e+01 2.759280e-02 6.182251e-01 3.942150e-01 2.314164e-01 6.394050e-01
1.365916e-01 -1.094652e+01 2.769337e-02 6.177022e-01 3.955264e-01 2.322365e-01 6.388029e-01
1.370928e-01 -1.094632e+01 2.779395e-02 6.171780e-01 3.968366e-01 2.330560e-01 6.381982e-01
1.375940e-01 -1.094612e+01 2.789452e-02 6.166525e-01 3.981454e-01 2.338750e-01 6.375911e-01
1.380951e-01 -1.094592e+01 2.799509e-02 6.161258e-01 3.994530e-01 2.346935e-01 6.369814e-01
1.385963e-01 -1.094572e+01 2.809567e-02 6.155978e-01 4.007592e-01 2.355113e-01 6.363692e-01
1.390974e-01 -1.094552e+01 2.819624e-02 6.150685e-01 4.020642e-01 2.363286e-01 6.357546e-01
1.395986e-01 -1.094532e+01 2.829681e-02 6.145379e-01 4.033679e-01 2.371454e-01 6.351374e-01
1.400997e-01 -1.094512e+01 2.839739e-02 6.140061e-01 4.046703e-01 2.379616e-01 6.345177e-01
1.406009e-01 -1.094492e+01 2.849796e-02 6.134730e-01 4.059714e-01 2.387772e-01 6.338956e-01
1.411020e-01 -1.094472e+01 2.859853e-02 6.129386e-01 4.072711e-01 2.395922e-01 6.332709e-01
1.416032e-01 -1.094452e+01 2.869911e-02 6.124030e-01 4.085696e-01 2.404067e-01 6.326437e-01
1.421043e-01 -1.094432e+01 2.879968e-02 6.118661e-01 4.098667e-01 2.412206e-01 6.320141e-01
1.426055e-01 -1.094412e+01 2.890025e-02 6.113280e-01 4.111625e-01 2.420338e-01 6.313819e-01
1.431067e-01 -1.094392e+01 2.900083e-02 6.107886e-01 4.124570e-01 2.428465e-01 6.307472e-01
1.436078e-01 -1.094372e+01 2.910140e-02 6.102480e-01 4.137501e-01 2.436586e-01 6.301101e-01
1.441090e-01 -1.094352e+01 2.920197e-02 6.097061e-01 4.150420e-01 2.444701e-01 6.294704e-01
1.446101e-01 -1.094332e+01 2.930255e-02 6.091629e-01 4.163324e-01 2.452810e-01 6.288283e-01
1.451113e-01 -1.094312e+01 2.940312e-02 6.086185e-01 4.176216e-01 2.460913e-01 6.281837e-01
1.456124e-01 -1.094292e+01 2.950369e-02 6.080729e-01 4.189094e-01 2.469010e-01 6.275365e-01
1.461136e-01 -1.094272e+01 2.960427e-02 6.075261e-01 4.201958e-01 2.477101e-01 6.268869e-01
1.466147e-01 -1.094252e+01 2.970484e-02 6.069780e-01 4.214810e-01 2.485186e-01 6.262348e-01
1.471159e-01 -1.094232e+01 2.980541e-02 6.064287e-01 4.227647e-01 2.493264e-01 6.255802e-01
1.476171e-01 -1.094212e+01 2.990599e-02 6.058781e-01 4.240471e-01 2.501337e-01 6.249231e-01
1.481182e-01 -1.094192e+01 3.000656e-02 6.053263e-01 4.253282e-01 2.509403e-01 6.242635e-01
1.486194e-01 -1.094172e+01 3.010713e-02 6.047734e-01 4.266078e-01 2.517463e-01 6.236014e-01
1.491205e-01 -1.094152e+01 3.020771e-02 6.042191e-01 4.278861e-01 2.525516e-01 6.229369e-01
1.496217e-01 -1.094132e+01 3.030828e-02 6.036637e-01 4.291631e-01 2.533563e-01 6.222699e-01
1.501228e-01 -1.094112e+01 3.040885e-02 6.031070e-01 4.304387e-01 2.541604e-01 6.216003e-01
1.506240e-01 -1.094092e+01 3.050943e-02 6.025491e-01 4.317128e-01 2.549639e-01 6.209283e-01
1.511251e-01 -1.094072e+01 3.061000e-02 6.019900e-01 4.329857e-01 2.557667e-01 6.202538e-01
1.516263e-01 -1.094052e+01 3.071057e-02 6.014298e-01 4.342571e-01 2.565688e-01 6.195769e-01
1.521274e-01 -1.094032e+01 3.081115e-02 6.008683e-01 4.355271e-01 2.573703e-01 6.188974e-01
1.526286e-01 -1.094012e+01 3.091172e-02 6.003056e-01 4.367957e-01 2.581711e-01 6.182154e-01
1.531298e-01 -1.093992e+01 3.101229e-02 5.997417e-01 4.380630e-01 2.589713e-01 6.175310e-01
1.536309e-01 -1.093972e+01 3.111287e-02 5.991766e-01 4.393289e-01 2.597709e-01 6.168441e-01
1.541321e-01 -1.093952e+01 3.121344e-02 5.986103e-01 4.405933e-01 2.605698e-01 6.161547e-01
1.546332e-01 -1.093932e+01 3.131401e-02 5.980428e-01 4.418564e-01 2.613680e-01 6.154629e-01
1.551344e-01 -1.093913e+01 3.141458e-02 5.974742e-01 4.431180e-01 2.621655e-01 6.147685e-01
1.556355e-01 -1.093893e+01 3.151516e-02 5.969043e-01 4.443782e-01 2.629623e-01 6.140717e-01
1.561367e-01 -1.093873e+01 3.161573e-02 5.963333e-01 4.456370e-01 2.637585e-01 6.133724e-01
1.566378e-01 -1.093853e+01 3.171630e-02 5.957611e-01 4.468944e-01 2.645540e-01 6.126706e-01
1.571390e-01 -1.093833e+01 3.181688e-02 5.951877e-01 4.481504e-01 2.653489e-01 6.119663e-01
1.576401e-01 -1.093813e+01 3.191745e-02 5.946132e-01 4.494049e-01 2.661430e-01 6.112596e-01
1.581413e-01 -1.093793e+01 3.201802e-02 5.940374e-01 4.506581e-01 2.669364e-01 6.105504e-01
1.586425e-01 -1.093773e+01 3.211860e-02 5.934605e-01 4.519097e-01 2.677292e-01 6.098387e-01
1.591436e-01 -1.093753e+01 3.221917e-02 5.928825e-01 4.531600e-01 2.685212e-01 6.091246e-01
1.596448e-01 -1.093733e+01 3.231974e-02 5.923033e-01 4.544088e-01 2.693126e-01 6.084079e-01
1.601459e-01 -1.093713e+01 3.242032e-02 5.917229e-01 4.556561e-01 2.701033e-01 6.076889e-01
1.606471e-01 -1.093693e+01 3.252089e-02 5.911413e-01 4.569020e-01 2.708932e-01 6.069673e-01
1.611482e-01 -1.093673e+01 3.262146e-02 5.905587e-01 4.581465e-01 2.716825e-01 6.062432e-01
1.616494e-01 -1.093653e+01 3.272204e-02 5.899748e-01 4.593895e-01 2.724710e-01 6.055168e-01
1.621505e-01 -1.093633e+01 3.282261e-02 5.893898e-01 4.606311e-01 2.732588e-01 6.047878e-01
1.626517e-01 -1.093613e+01 3.292318e-02 5.888037e-01 4.618711e-01 2.740459e-01 6.040563e-01
1.631529e-01 -1.093593e+01 3.302376e-02 5.882165e-01 4.631097e-01 2.748323e-01 6.033224e-01
1.636540e-01 -1.093573e+01 3.312433e-02 5.876281e-01 4.643469e-01 2.756180e-01 6.025860e-01
1.641552e-01 -1.093553e+01 3.322490e-02 5.870386e-01 4.655826e-01 2.764029e-01 6.018472e-01
1.646563e-01 -1.093533e+01 3.332548e-02 5.864479e-01 4.668168e-01 2.771871e-01 6.011059e-01
1.651575e-01 -1.093513e+01 3.342605e-02 5.858561e-01 4.680495e-01 2.779706e-01 6.003621e-01
1.656586e-01 -1.093493e+01 3.352662e-02 5.852632e-01 4.692807e-01 2.787533e-01 5.996159e-01
1.661598e-01 -1.093473e+01 3.362720e-02 5.846692e-01 4.705104e-01 2.795353e-01 5.988672e-01
1.666609e-01 -1.093453e+01 3.372777e-02 5.840740e-01 4.717387e-01 2.803166e-01 5.981160e-01
1.671621e-01 -1.093433e+01 3.382834e-02 5.834777e-01 4.729655e-01 2.810971e-01 5.973624e-01
1.676632e-01 -1.093413e+01 3.392892e-02 5.828803e-01 4.741908e-01 2.818769e-01 5.966063e-01
1.681644e-01 -1.093393e+01 3.402949e-02 5.822819e-01 4.754145e-01 2.826559e-01 5.958478e-01
1.686656e-01 -1.093373e+01 3.413006e-02 5.816823e-01 4.766367e-01 2.834341e-01 5.950868e-01
1.691667e-01 -1.093353e+01 3.423064e-02 5.810816e-01 4.778575e-01 2.842116e-01 5.943233e-01
1.696679e-01 -1.093333e+01 3.433121e-02 5.804798e-01 4.790768e-01 2.849884e-01 5.935573e-01
1.701690e-01 -1.093313e+01 3.443178e-02 5.798769e-01 4.802945e-01 2.857643e-01 5.927890e-01
1.706702e-01 -1.093293e+01 3.453236e-02 5.792729e-01 4.815107e-01 2.865395e-01 5.920181e-01
1.711713e-01 -1.093273e+01 3.463293e-02 5.786678e-01 4.827254e-01 2.873140e-01 5.912449e-01
1.716725e-01 -1.093253e+01 3.473350e-02 5.780617e-01 4.839385e-01 2.880876e-01 5.904691e-01
1.721736e-01 -1.093233e+01 3.483408e-02 5.774544e-01 4.851501e-01 2.888605e-01 5.896909e-01
1.726748e-01 -1.093213e+01 3.493465e-02 5.768461e-01 4.863602e-01 2.896326e-01 5.889102e-01
1.731759e-01 -1.093193e+01 3.503522e-02 5.762367e-01 4.875687e-01 2.904040e-01 5.881271e-01
1.736771e-01 -1.093173e+01 3.513580e-02 5.756262e-01 4.887758e-01 2.911745e-01 5.873416e-01
1.741783e-01 -1.093153e+01 3.523637e-02 5.750147e-01 4.899812e-01 2.919442e-01 5.865536e-01
1.746794e-01 -1.093133e+01 3.533694e-02 5.744021e-01 4.911852e-01 2.927132e-01 5.857631e-01
1.751806e-01 -1.093113e+01 3.543752e-02 5.737884e-01 4.923875e-01 2.934814e-01 5.849702e-01
1.756817e-01 -1.093093e+01 3.553809e-02 5.731737e-01 4.935883e-01 2.942488e-01 5.841748e-01
1.761829e-01 -1.093073e+01 3.563866e-02 5.725579e-01 4.947875e-01 2.950153e-01 5.833770e-01
1.766840e-01 -1.093053e+01 3.573924e-02 5.719410e-01 4.959852e-01 2.957811e-01 5.825768e-01
1.771852e-01 -1.093033e+01 3.583981e-02 5.713231e-01 4.971813e-01 2.965460e-01 5.817740e-01
1.776863e-01 -1.093013e+01 3.594038e-02 5.707042e-01 4.983759e-01 2.973102e-01 5.809689e-01
1.781875e-01 -1.092993e+01 3.604096e-02 5.700842e-01 4.995688e-01 2.980735e-01 5.801613e-01
1.786887e-01 -1.092973e+01 3.614153e-02 5.694632e-01 5.007602e-01 2.988361e-01 5.793512e-01
1.791898e-01 -1.092953e+01 3.624210e-02 5.688411e-01 5.019501e-01 2.995978e-01 5.785387e-01
1.796910e-01 -1.092933e+01 3.634268e-02 5.682181e-01 5.031383e-01 3.003587e-01 5.777238e-01
1.801921e-01 -1.092913e+01 3.644325e-02 5.675939e-01 5.043249e-01 3.011187e-01 5.769064e-01
1.806933e-01 -1.092893e+01 3.654382e-02 5.669688e-01 5.055099e-01 3.018780e-01 5.760866e-01
1.811944e-01 -1.092873e+01 3.664440e-02 5.663426e-01 5.066934e-01 3.026364e-01 5.752643e-01
1.816956e-01 -1.092853e+01 3.674497e-02 5.657154e-01 5.078752e-01 3.033940e-01 5.744396e-01
1.821967e-01 -1.092833e+01 3.684554e-02 5.650872e-01 5.090555e-01 3.041507e-01 5.736125e-01
1.826979e-01 -1.092813e+01 3.694612e-02 5.644580e-01 5.102341e-01 3.049067e-01 5.727829e-01
1.831990e-01 -1.092793e+01 3.704669e-02 5.638278e-01 5.114111e-01 3.056617e-01 5.719509e-01
1.837002e-01 -1.092773e+01 3.714726e-02 5.631966e-01 5.125865e-01 3.064160e-01 5.711164e-01
1.842014e-01 -1.092753e+01 3.724784e-02 5.625643e-01 5.137603e-01 3.071693e-01 5.702795e-01
1.847025e-01 -1.092733e+01 3.734841e-02 5.619311e-01 5.149325e-01 3.079219e-01 5.694402e-01
1.852037e-01 -1.092713e+01 3.744898e-02 5.612969e-01 5.161030e-01 3.086735e-01 5.685984e-01
1.857048e-01 -1.092693e+01 3.754956e-02 5.606616e-01 5.172719e-01 3.094244e-01 5.677542e-01
1.862060e-01 -1.092673e+01 3.765013e-02 5.600255e-01 5.184392e-01 3.101743e-01 5.669076e-01
1.867071e-01 -1.092653e+01 3.775070e-02 5.593882e-01 5.196048e-01 3.109235e-01 5.660585e-01
1.872083e-01 -1.092633e+01 3.785128e-02 5.587501e-01 5.207688e-01 3.116717e-01 5.652070e-01
1.877094e-01 -1.092613e+01 3.795185e-02 5.581110e-01 5.219311e-01 3.124191e-01 5.643530e-01
1.882106e-01 -1.092593e+01 3.805242e-02 5.574708e-01 5.230919e-01 3.131656e-01 5.634967e-01
1.887117e-01 -1.092573e+01 3.815300e-02 5.568298e-01 5.242509e-01 3.139112e-01 5.626378e-01
1.892129e-01 -1.092553e+01 3.825357e-02 5.561877e-01 5.254083e-01 3.146560e-01 5.617766e-01
1.897141e-01 -1.092533e+01 3.835414e-02 5.555446e-01 5.265640e-01 3.153999e-01 5.609130e-01
1.902152e-01 -1.092513e+01 3.845472e-02 5.549007e-01 5.277181e-01 3.161429e-01 5.600469e-01
1.907164e-01 -1.092493e+01 3.855529e-02 5.542558e-01 5.288705e-01 3.168850e-01 5.591784e-01
1.912175e-01 -1.092473e+01 3.865586e-02 5.536098e-01 5.300212e-01 3.176263e-01 5.583074e-01
1.917187e-01 -1.092453e+01 3.875644e-02 5.529630e-01 5.311703e-01 3.183667e-01 5.574340e-01
1.922198e-01 -1.092433e+01 3.885701e-02 5.523152e-01 5.323177e-01 3.191062e-01 5.565582e-01
1.927210e-01 -1.092414e+01 3.895758e-02 5.516665e-01 5.334633e-01 3.198447e-01 5.556800e-01
1.932221e-01 -1.092394e+01 3.905816e-02 5.510169e-01 5.346073e-01 3.205824e-01 5.547993e-01
1.937233e-01 -1.092374e+01 3.915873e-02 5.503663e-01 5.357496e-01 3.213192e-01 5.539163e-01
1.942245e-01 -1.092354e+01 3.925930e-02 5.497147e-01 5.368903e-01 3.220551e-01 5.530308e-01
1.947256e-01 -1.092334e+01 3.935988e-02 5.490623e-01 5.380292e-01 3.227901e-01 5.521429e-01
1.952268e-01 -1.092314e+01 3.946045e-02 5.484089e-01 5.391664e-01 3.235242e-01 5.512525e-01
1.957279e-01 -1.092294e+01 3.956102e-02 5.477547e-01 5.403019e-01 3.242573e-01 5.503598e-01
1.962291e-01 -1.092274e+01 3.966160e-02 5.470995e-01 5.414357e-01 3.249896e-01 5.494646e-01
1.967302e-01 -1.092254e+01 3.976217e-02 5.464433e-01 5.425678e-01 3.257209e-01 5.485670e-01
1.972314e-01 -1.092234e+01 3.986274e-02 5.457863e-01 5.436982e-01 3.264513e-01 5.476670e-01
1.977325e-01 -1.092214e+01 3.996332e-02 5.451284e-01 5.448268e-01 3.271808e-01 5.467645e-01
1.982337e-01 -1.092194e+01 4.006389e-02 5.444696e-01 5.459538e-01 3.279095e-01 5.458597e-01
1.987348e-01 -1.092174e+01 4.016446e-02 5.438099e-01 5.470789e-01 3.286371e-01 5.449524e-01
1.992360e-01 -1.092154e+01 4.026504e-02 5.431493e-01 5.482024e-01 3.293638e-01 5.440427e-01
1.997372e-01 -1.092134e+01 4.036561e-02 5.424877e-01 5.493241e-01 3.300897e-01 5.431306e-01
2.002383e-01 -1.092114e+01 4.046618e-02 5.418254e-01 5.504441e-01 3.308145e-01 5.422161e-01
2.007395e-01 -1.092094e+01 4.056676e-02 5.411621e-01 5.515624e-01 3.315385e-01 5.412992e-01
2.012406e-01 -1.092074e+01 4.066733e-02 5.404979e-01 5.526788e-01 3.322615e-01 5.403798e-01
2.017418e-01 -1.092054e+01 4.076790e-02 5.398330e-01 5.537935e-01 3.329835e-01 5.394581e-01
2.022429e-01 -1.092034e+01 4.086847e-02 5.391671e-01 5.549065e-01 3.337046e-01 5.385340e-01
2.027441e-01 -1.092014e+01 4.096905e-02 5.385003e-01 5.560178e-01 3.344248e-01 5.376074e-01
2.032452e-01 -1.091994e+01 4.106962e-02 5.378327e-01 5.571272e-01 3.351441e-01 5.366784e-01
2.037464e-01 -1.091974e+01 4.117019e-02 5.371642e-01 5.582349e-01 3.358623e-01 5.357470e-01
2.042475e-01 -1.091954e+01 4.127077e-02 5.364949e-01 5.593408e-01 3.365797e-01 5.348132e-01
2.047487e-01 -1.091934e+01 4.137134e-02 5.358247e-01 5.604450e-01 3.372961e-01 5.338770e-01
2.052499e-01 -1.091914e+01 4.147191e-02 5.351537e-01 5.615473e-01 3.380114e-01 5.329384e-01
2.057510e-01 -1.091894e+01 4.157249e-02 5.344819e-01 5.626479e-01 3.387259e-01 5.319974e-01
2.062522e-01 -1.091874e+01 4.167306e-02 5.338092e-01 5.637467e-01 3.394393e-01 5.310540e-01
2.067533e-01 -1.091854e+01 4.177363e-02 5.331356e-01 5.648437e-01 3.401519e-01 5.301082e-01
2.072545e-01 -1.091834e+01 4.187421e-02 5.324613e-01 5.659389e-01 3.408635e-01 5.291599e-01
2.077556e-01 -1.091814e+01 4.197478e-02 5.317861e-01 5.670323e-01 3.415740e-01 5.282093e-01
2.082568e-01 -1.091794e+01 4.207535e-02 5.311101e-01 5.681239e-01 3.422836e-01 5.272563e-01
2.087579e-01 -1.091774e+01 4.217593e-02 5.304333e-01 5.692137e-01 3.429923e-01 5.263009e-01
2.092591e-01 -1.091754e+01 4.227650e-02 5.297557e-01 5.703016e-01 3.437000e-01 5.253430e-01
2.097603e-01 -1.091734e+01 4.237707e-02 5.290772e-01 5.713878e-01 3.444067e-01 5.243828e-01
2.102614e-01 -1.091714e+01 4.247765e-02 5.283979e-01 5.724721e-01 3.451124e-01 5.234202e-01
2.107626e-01 -1.091694e+01 4.257822e-02 5.277179e-01 5.735547e-01 3.458171e-01 5.224551e-01
2.112637e-01 -1.091674e+01 4.267879e-02 5.270370e-01 5.746354e-01 3.465209e-01 5.214877e-01
2.117649e-01 -1.091654e+01 4.277937e-02 5.263554e-01 5.757142e-01 3.472236e-01 5.205179e-01
2.122660e-01 -1.091634e+01 4.287994e-02 5.256730e-01 5.767912e-01 3.479254e-01 5.195457e-01
2.127672e-01 -1.091614e+01 4.298051e-02 5.249898e-01 5.778664e-01 3.486261e-01 5.185711e-01
2.132683e-01 -1.091594e+01 4.308109e-02 5.243057e-01 5.789398e-01 3.493259e-01 5.175941e-01
2.137695e-01 -1.091574e+01 4.318166e-02 5.236210e-01 5.800112e-01 3.500246e-01 5.166147e-01
2.142706e-01 -1.091554e+01 4.328223e-02 5.229354e-01 5.810809e-01 3.507224e-01 5.156329e-01
2.147718e-01 -1.091534e+01 4.338281e-02 5.222491e-01 5.821487e-01 3.514192e-01 5.146487e-01
2.152730e-01 -1.091514e+01 4.348338e-02 5.215620e-01 5.832146e-01 3.521149e-01 5.136622e-01
2.157741e-01 -1.091494e+01 4.358395e-02 5.208741e-01 5.842787e-01 3.528097e-01 5.126732e-01
2.162753e-01 -1.091474e+01 4.368453e-02 5.201856e-01 5.853409e-01 3.535035e-01 5.116819e-01
2.167764e-01 -1.091454e+01 4.378510e-02 5.194962e-01 5.864012e-01 3.541962e-01 5.106882e-01
2.172776e-01 -1.091434e+01 4.388567e-02 5.188061e-01 5.874596e-01 3.548880e-01 5.096921e-01
2.177787e-01 -1.091414e+01 4.398625e-02 5.181152e-01 5.885162e-01 3.555787e-01 5.086935e-01
2.182799e-01 -1.091394e+01 4.408682e-02 5.174236e-01 5.895709e-01 3.562683e-01 5.076927e-01
2.187810e-01 -1.091374e+01 4.418739e-02 5.167313e-01 5.906237e-01 3.569570e-01 5.066894e-01
2.192822e-01 -1.091354e+01 4.428797e-02 5.160383e-01 5.916745e-01 3.576446e-01 5.056837e-01
2.197833e-01 -1.091334e+01 4.438854e-02 5.153444e-01 5.927236e-01 3.583313e-01 5.046757e-01
2.202845e-01 -1.091314e+01 4.448911e-02 5.146500e-01 5.937707e-01 3.590169e-01 5.036653e-01
2.207857e-01 -1.091294e+01 4.458969e-02 5.139547e-01 5.948159e-01 3.597014e-01 5.026525e-01
2.212868e-01 -1.091274e+01 4.469026e-02 5.132588e-01 5.958592e-01 3.603849e-01 5.016373e-01
2.217880e-01 -1.091254e+01 4.479083e-02 5.125622e-01 5.969005e-01 3.610674e-01 5.006198e-01
2.222891e-01 -1.091234e+01 4.489141e-02 5.118648e-01 5.979400e-01 3.617489e-01 4.995998e-01
2.227903e-01 -1.091214e+01 4.499198e-02 5.111667e-01 5.989775e-01 3.624293e-01 4.985775e-01
2.232914e-01 -1.091194e+01 4.509255e-02 5.104680e-01 6.000131e-01 3.631087e-01 4.975528e-01
2.237926e-01 -1.091174e+01 4.519313e-02 5.097685e-01 6.010468e-01 3.637870e-01 4.965257e-01
2.242937e-01 -1.091154e+01 4.529370e-02 5.090684e-01 6.020785e-01 3.644643e-01 4.954963e-01
2.247949e-01 -1.091134e+01 4.539427e-02 5.083676e-01 6.031083e-01 3.651405e-01 4.944645e-01
2.252961e-01 -1.091114e+01 4.549485e-02 5.076661e-01 6.041362e-01 3.658157e-01 4.934303e-01
2.257972e-01 -1.091094e+01 4.559542e-02 5.069639e-01 6.051621e-01 3.664899e-01 4.923937e-01
2.262984e-01 -1.091074e+01 4.569599e-02 5.062610e-01 6.061861e-01 3.671630e-01 4.913548e-01
2.267995e-01 -1.091054e+01 4.579657e-02 5.055575e-01 6.072081e-01 3.678350e-01 4.903135e-01
2.273007e-01 -1.091034e+01 4.589714e-02 5.048533e-01 6.082282e-01 3.685060e-01 4.892699e-01
2.278018e-01 -1.091014e+01 4.599771e-02 5.041485e-01 6.092463e-01 3.691759e-01 4.882238e-01
2.283030e-01 -1.090994e+01 4.609829e-02 5.034430e-01 6.102624e-01 3.698447e-01 4.871754e-01
2.288041e-01 -1.090974e+01 4.619886e-02 5.027368e-01 6.112765e-01 3.705126e-01 4.861246e-01
2.293053e-01 -1.090954e+01 4.629943e-02 5.020301e-01 6.122887e-01 3.711792e-01 4.850715e-01
2.298064e-01 -1.090934e+01 4.640001e-02 5.013226e-01 6.132989e-01 3.718449e-01 4.840160e-01
2.303076e-01 -1.090915e+01 4.650058e-02 5.006145e-01 6.143071e-01 3.725095e-01 4.829581e-01
2.308088e-01 -1.090895e+01 4.660115e-02 4.999058e-01 6.153133e-01 3.731731e-01 4.818979e-01
2.313099e-01 -1.090875e+01 4.670173e-02 4.991965e-01 6.163175e-01 3.738355e-01 4.808353e-01
2.318111e-01 -1.090855e+01 4.680230e-02 4.984865e-01 6.173198e-01 3.744969e-01 4.797703e-01
2.323122e-01 -1.090835e+01 4.690287e-02 4.977759e-01 6.183200e-01 3.751572e-01 4.787030e-01
2.328134e-01 -1.090815e+01 4.700345e-02 4.970648e-01 6.193182e-01 3.758163e-01 4.776334e-01
2.333145e-01 -1.090795e+01 4.710402e-02 4.963530e-01 6.203144e-01 3.764745e-01 4.765613e-01
2.338157e-01 -1.090775e+01 4.720459e-02 4.956406e-01 6.213086e-01 3.771315e-01 4.754869e-01
2.343168e-01 -1.090755e+01 4.730517e-02 4.949276e-01 6.223008e-01 3.777875e-01 4.744102e-01
2.348180e-01 -1.090735e+01 4.740574e-02 4.942140e-01 6.232909e-01 3.784423e-01 4.733311e-01
2.353191e-01 -1.090715e+01 4.750631e-02 4.934998e-01 6.242791e-01 3.790961e-01 4.722497e-01
2.358203e-01 -1.090695e+01 4.760689e-02 4.927850e-01 6.252652e-01 3.797488e-01 4.711658e-01
2.363215e-01 -1.090675e+01 4.770746e-02 4.920696e-01 6.262492e-01 3.804005e-01 4.700797e-01
2.368226e-01 -1.090655e+01 4.780803e-02 4.913537e-01 6.272312e-01 3.810509e-01 4.689912e-01
2.373238e-01 -1.090635e+01 4.790861e-02 4.906371e-01 6.282112e-01 3.817004e-01 4.679003e-01
2.378249e-01 -1.090615e+01 4.800918e-02 4.899201e-01 6.291891e-01 3.823486e-01 4.668071e-01
2.383261e-01 -1.090595e+01 4.810975e-02 4.892024e-01 6.301650e-01 3.829958e-01 4.657116e-01
2.388272e-01 -1.090575e+01 4.821033e-02 4.884842e-01 6.311388e-01 3.836420e-01 4.646136e-01
2.393284e-01 -1.090555e+01 4.831090e-02 4.877654e-01 6.321105e-01 3.842870e-01 4.635134e-01
2.398295e-01 -1.090535e+01 4.841147e-02 4.870461e-01 6.330802e-01 3.849309e-01 4.624108e-01
2.403307e-01 -1.090515e+01 4.851205e-02 4.863263e-01 6.340478e-01 3.855736e-01 4.613058e-01
2.408319e-01 -1.090495e+01 4.861262e-02 4.856059e-01 6.350133e-01 3.862153e-01 4.601985e-01
2.413330e-01 -1.090475e+01 4.871319e-02 4.848849e-01 6.359768e-01 3.868559e-01 4.590889e-01
2.418342e-01 -1.090455e+01 4.881377e-02 4.841634e-01 6.369382e-01 3.874954e-01 4.579769e-01
2.423353e-01 -1.090435e+01 4.891434e-02 4.834414e-01 6.378975e-01 3.881337e-01 4.568626e-01
2.428365e-01 -1.090415e+01 4.901491e-02 4.827189e-01 6.388546e-01 3.887709e-01 4.557460e-01
2.433376e-01 -1.090395e+01 4.911549e-02 4.819958e-01 6.398097e-01 3.894070e-01 4.546270e-01
2.438388e-01 -1.090375e+01 4.921606e-02 4.812723e-01 6.407627e-01 3.900419e-01 4.535057e-01
2.443399e-01 -1.090355e+01 4.931663e-02 4.805482e-01 6.417136e-01 3.906759e-01 4.523820e-01
2.448411e-01 -1.090335e+01 4.941721e-02 4.798236e-01 6.426624e-01 3.913085e-01 4.512560e-01
2.453422e-01 -1.090315e+01 4.951778e-02 4.790985e-01 6.436090e-01 3.919402e-01 4.501277e-01
2.458434e-01 -1.090295e+01 4.961835e-02 4.783730e-01 6.445535e-01 3.925707e-01 4.489970e-01
2.463446e-01 -1.090275e+01 4.971893e-02 4.776469e-01 6.454959e-01 3.932000e-01 4.478640e-01
2.468457e-01 -1.090255e+01 4.981950e-02 4.769204e-01 6.464362e-01 3.938282e-01 4.467287e-01
2.473469e-01 -1.090235e+01 4.992007e-02 4.761934e-01 6.473743e-01 3.944553e-01 4.455910e-01
2.478480e-01 -1.090215e+01 5.002065e-02 4.754658e-01 6.483104e-01 3.950813e-01 4.444510e-01
2.483492e-01 -1.090195e+01 5.012122e-02 4.747379e-01 6.492442e-01 3.957060e-01 4.433087e-01
2.488503e-01 -1.090175e+01 5.022179e-02 4.740094e-01 6.501759e-01 3.963298e-01 4.421641e-01
2.493515e-01 -1.090155e+01 5.032237e-02 4.732805e-01 6.511055e-01 3.969522e-01 4.410172e-01
2.498526e-01 -1.090135e+01 5.042294e-02 4.725511e-01 6.520329e-01 3.975737e-01 4.398678e-01
2.503538e-01 -1.090115e+01 5.052351e-02 4.718213e-01 6.529581e-01 3.981939e-01 4.387162e-01
2.508549e-01 -1.090095e+01 5.062408e-02 4.710910e-01 6.538812e-01 3.988130e-01 4.375623e-01
2.513561e-01 -1.090075e+01 5.072466e-02 4.703603e-01 6.548021e-01 3.994310e-01 4.364060e-01
2.518573e-01 -1.090055e+01 5.082523e-02 4.696292e-01 6.557208e-01 4.000478e-01 4.352475e-01
2.523584e-01 -1.090035e+01 5.092580e-02 4.688976e-01 6.566374e-01 4.006635e-01 4.340866e-01
2.528596e-01 -1.090015e+01 5.102638e-02 4.681656e-01 6.575518e-01 4.012780e-01 4.329234e-01
2.533607e-01 -1.089995e+01 5.112695e-02 4.674332e-01 6.584639e-01 4.018914e-01 4.317578e-01
2.538619e-01 -1.089975e+01 5.122752e-02 4.667003e-01 6.593739e-01 4.025036e-01 4.305900e-01
2.543630e-01 -1.089955e+01 5.132810e-02 4.659670e-01 6.602817e-01 4.031146e-01 4.294198e-01
2.548642e-01 -1.089935e+01 5.142867e-02 4.652334e-01 6.611873e-01 4.037245e-01 4.282474e-01
2.553653e-01 -1.089915e+01 5.152924e-02 4.644993e-01 6.620907e-01 4.043333e-01 4.270726e-01
2.558665e-01 -1.089895e+01 5.162982e-02 4.637648e-01 6.629918e-01 4.049409e-01 4.258955e-01
2.563677e-01 -1.089875e+01 5.173039e-02 4.630299e-01 6.638907e-01 4.055473e-01 4.247161e-01
2.568688e-01 -1.089855e+01 5.183096e-02 4.622946e-01 6.647875e-01 4.061525e-01 4.235344e-01
2.573700e-01 -1.089835e+01 5.193154e-02 4.615590e-01 6.656820e-01 4.067566e-01 4.223504e-01
2.578711e-01 -1.089815e+01 5.203211e-02 4.608230e-01 6.665742e-01 4.073596e-01 4.211641e-01
2.583723e-01 -1.089795e+01 5.213268e-02 4.600865e-01 6.674643e-01 4.079614e-01 4.199754e-01
2.588734e-01 -1.089775e+01 5.223326e-02 4.593498e-01 6.683520e-01 4.085619e-01 4.187845e-01
2.593746e-01 -1.089755e+01 5.233383e-02 4.586126e-01 6.692376e-01 4.091613e-01 4.175913e-01
2.598757e-01 -1.089735e+01 5.243440e-02 4.578751e-01 6.701209e-01 4.097596e-01 4.163958e-01
2.603769e-01 -1.089715e+01 5.253498e-02 4.571372e-01 6.710019e-01 4.103567e-01 4.151979e-01
2.608780e-01 -1.089695e+01 5.263555e-02 4.563991e-01 6.718807e-01 4.109526e-01 4.139978e-01
2.613792e-01 -1.089675e+01 5.273612e-02 4.556605e-01 6.727572e-01 4.115473e-01 4.127954e-01
2.618804e-01 -1.089655e+01 5.283670e-02 4.549216e-01 6.736315e-01 4.121409e-01 4.115907e-01
2.623815e-01 -1.089635e+01 5.293727e-02 4.541823e-01 6.745035e-01 4.127332e-01 4.103837e-01
2.628827e-01 -1.089615e+01 5.303784e-02 4.534427e-01 6.753732e-01 4.133244e-01 4.091744e-01
2.633838e-01 -1.089595e+01 5.313842e-02 4.527029e-01 6.762406e-01 4.139144e-01 4.079628e-01
2.638850e-01 -1.089575e+01 5.323899e-02 4.519627e-01 6.771057e-01 4.145033e-01 4.067488e-01
2.643861e-01 -1.089555e+01 5.333956e-02 4.512221e-01 6.779685e-01 4.150909e-01 4.055327e-01
2.648873e-01 -1.089535e+01 5.344014e-02 4.504813e-01 6.788291e-01 4.156774e-01 4.043142e-01
2.653884e-01 -1.089515e+01 5.354071e-02 4.497402e-01 6.796873e-01 4.162626e-01 4.030935e-01
2.658896e-01 -1.089495e+01 5.364128e-02 4.489987e-01 6.805432e-01 4.168468e-01 4.018704e-01
2.663907e-01 -1.089475e+01 5.374186e-02 4.482570e-01 6.813968e-01 4.174297e-01 4.006451e-01
2.668919e-01 -1.089455e+01 5.384243e-02 4.475149e-01 6.822482e-01 4.180114e-01 3.994175e-01
2.673931e-01 -1.089435e+01 5.394300e-02 4.467726e-01 6.830971e-01 4.185919e-01 3.981877e-01
2.678942e-01 -1.089415e+01 5.404358e-02 4.460300e-01 6.839438e-01 4.191712e-01 3.969555e-01
2.683954e-01 -1.089396e+01 5.414415e-02 4.452871e-01 6.847881e-01 4.197494e-01 3.957210e-01
2.688965e-01 -1.089376e+01 5.424472e-02 4.445440e-01 6.856301e-01 4.203263e-01 3.944844e-01
2.693977e-01 -1.089356e+01 5.434530e-02 4.438005e-01 6.864697e-01 4.209020e-01 3.932454e-01
2.698988e-01 -1.089336e+01 5.444587e-02 4.430569e-01 6.873070e-01 4.214766e-01 3.920041e-01
2.704000e-01 -1.089316e+01 5.454644e-02 4.423130e-01 6.881419e-01 4.220499e-01 3.907606e-01
2.709011e-01 -1.089296e+01 5.464702e-02 4.415688e-01 6.889745e-01 4.226221e-01 3.895148e-01
2.714023e-01 -1.089276e+01 5.474759e-02 4.408243e-01 6.898047e-01 4.231930e-01 3.882667e-01
2.719035e-01 -1.089256e+01 5.484816e-02 4.400797e-01 6.906326e-01 4.237627e-01 3.870164e-01
2.724046e-01 -1.089236e+01 5.494874e-02 4.393348e-01 6.914581e-01 4.243313e-01 3.857637e-01
2.729058e-01 -1.089216e+01 5.504931e-02 4.385897e-01 6.922812e-01 4.248986e-01 3.845088e-01
2.734069e-01 -1.089196e+01 5.514988e-02 4.378443e-01 6.931019e-01 4.254648e-01 3.832517e-01
2.739081e-01 -1.089176e+01 5.525046e-02 4.370988e-01 6.939202e-01 4.260296e-01 3.819923e-01
2.744092e-01 -1.089156e+01 5.535103e-02 4.363530e-01 6.947362e-01 4.265934e-01 3.807306e-01
2.749104e-01 -1.089136e+01 5.545160e-02 4.356070e-01 6.955497e-01 4.271558e-01 3.794667e-01
2.754115e-01 -1.089116e+01 5.555218e-02 4.348608e-01 6.963609e-01 4.277171e-01 3.782005e-01
2.759127e-01 -1.089096e+01 5.565275e-02 4.341144e-01 6.971696e-01 4.282773e-01 3.769321e-01
2.764138e-01 -1.089076e+01 5.575332e-02 4.333678e-01 6.979760e-01 4.288361e-01 3.756614e-01
2.769150e-01 -1.089056e+01 5.585390e-02 4.326210e-01 6.987799e-01 4.293937e-01 3.743885e-01
2.774162e-01 -1.089036e+01 5.595447e-02 4.318741e-01 6.995814e-01 4.299502e-01 3.731133e-01
2.779173e-01 -1.089016e+01 5.605504e-02 4.311269e-01 7.003805e-01 4.305055e-01 3.718358e-01
2.784185e-01 -1.088996e+01 5.615562e-02 4.303796e-01 7.011771e-01 4.310595e-01 3.705561e-01
2.789196e-01 -1.088976e+01 5.625619e-02 4.296322e-01 7.019713e-01 4.316122e-01 3.692742e-01
2.794208e-01 -1.088956e+01 5.635676e-02 4.288845e-01 7.027630e-01 4.321638e-01 3.679900e-01
2.799219e-01 -1.088936e+01 5.645734e-02 4.281367e-01 7.035523e-01 4.327142e-01 3.667036e-01
2.804231e-01 -1.088916e+01 5.655791e-02 4.273888e-01 7.043392e-01 4.332633e-01 3.654149e-01
2.809242e-01 -1.088896e+01 5.665848e-02 4.266407e-01 7.051236e-01 4.338112e-01 3.641240e-01
2.814254e-01 -1.088876e+01 5.675906e-02 4.258925e-01 7.059055e-01 4.343579e-01 3.628309e-01
2.819265e-01 -1.088856e+01 5.685963e-02 4.251441e-01 7.066850e-01 4.349034e-01 3.615355e-01
2.824277e-01 -1.088836e+01 5.696020e-02 4.243956e-01 7.074620e-01 4.354476e-01 3.602378e-01
2.829289e-01 -1.088816e+01 5.706078e-02 4.236469e-01 7.082365e-01 4.359907e-01 3.589380e-01
2.834300e-01 -1.088796e+01 5.716135e-02 4.228982e-01 7.090085e-01 4.365324e-01 3.576359e-01
2.839312e-01 -1.088776e+01 5.726192e-02 4.221493e-01 7.097781e-01 4.370730e-01 3.563316e-01
2.844323e-01 -1.088756e+01 5.736250e-02 4.214003e-01 7.105452e-01 4.376124e-01 3.550250e-01
2.849335e-01 -1.088736e+01 5.746307e-02 4.206513e-01 7.113097e-01 4.381504e-01 3.537162e-01
2.854346e-01 -1.088716e+01 5.756364e-02 4.199021e-01 7.120718e-01 4.386873e-01 3.524052e-01
2.859358e-01 -1.088696e+01 5.766422e-02 4.191528e-01 7.128313e-01 4.392230e-01 3.510920e-01
2.864369e-01 -1.088676e+01 5.776479e-02 4.184035e-01 7.135883e-01 4.397574e-01 3.497765e-01
2.869381e-01 -1.088656e+01 5.786536e-02 4.176541e-01 7.143428e-01 4.402906e-01 3.484589e-01
2.874393e-01 -1.088636e+01 5.796594e-02 4.169046e-01 7.150948e-01 4.408226e-01 3.471390e-01
2.879404e-01 -1.088616e+01 5.806651e-02 4.161550e-01 7.158443e-01 4.413533e-01 3.458169e-01
2.884416e-01 -1.088596e+01 5.816708e-02 4.154053e-01 7.165912e-01 4.418827e-01 3.444926e-01
2.889427e-01 -1.088576e+01 5.826766e-02 4.146556e-01 7.173355e-01 4.424110e-01 3.431660e-01
2.894439e-01 -1.088556e+01 5.836823e-02 4.139059e-01 7.180774e-01 4.429380e-01 3.418373e-01
2.899450e-01 -1.088536e+01 5.846880e-02 4.131560e-01 7.188167e-01 4.434638e-01 3.405063e-01
2.904462e-01 -1.088516e+01 5.856938e-02 4.124062e-01 7.195534e-01 4.439883e-01 3.391732e-01
2.909473e-01 -1.088496e+01 5.866995e-02 4.116563e-01 7.202875e-01 4.445116e-01 3.378378e-01
2.914485e-01 -1.088476e+01 5.877052e-02 4.109063e-01 7.210191e-01 4.450337e-01 3.365002e-01
2.919496e-01 -1.088456e+01 5.887110e-02 4.101564e-01 7.217481e-01 4.455545e-01 3.351605e-01
2.924508e-01 -1.088436e+01 5.897167e-02 4.094064e-01 7.224746e-01 4.460742e-01 3.338185e-01
2.929520e-01 -1.088416e+01 5.907224e-02 4.086564e-01 7.231984e-01 4.465925e-01 3.324743e-01
2.934531e-01 -1.088396e+01 5.917282e-02 4.079063e-01 7.239197e-01 4.471096e-01 3.311279e-01
2.939543e-01 -1.088376e+01 5.927339e-02 4.071564e-01 7.246383e-01 4.476254e-01 3.297794e-01
2.944554e-01 -1.088356e+01 5.937396e-02 4.064063e-01 7.253544e-01 4.481401e-01 3.284286e-01
2.949566e-01 -1.088336e+01 5.947454e-02 4.056563e-01 7.260679e-01 4.486534e-01 3.270757e-01
2.954577e-01 -1.088316e+01 5.957511e-02 4.049063e-01 7.267787e-01 4.491656e-01 3.257206e-01
2.959589e-01 -1.088296e+01 5.967568e-02 4.041563e-01 7.274870e-01 4.496764e-01 3.243632e-01
2.964600e-01 -1.088276e+01 5.977626e-02 4.034063e-01 7.281926e-01 4.501861e-01 3.230037e-01
2.969612e-01 -1.088256e+01 5.987683e-02 4.026564e-01 7.288956e-01 4.506945e-01 3.216420e-01
2.974624e-01 -1.088236e+01 5.997740e-02 4.019064e-01 7.295959e-01 4.512017e-01 3.202781e-01
2.979635e-01 -1.088216e+01 6.007797e-02 4.011565e-01 7.302936e-01 4.517076e-01 3.189121e-01
2.984647e-01 -1.088196e+01 6.017855e-02 4.004067e-01 7.309887e-01 4.522122e-01 3.175439e-01
2.989658e-01 -1.088176e+01 6.027912e-02 3.996569e-01 7.316811e-01 4.527157e-01 3.161734e-01
2.994670e-01 -1.088156e+01 6.037969e-02 3.989072e-01 7.323709e-01 4.532178e-01 3.148009e-01
2.999681e-01 -1.088136e+01 6.048027e-02 3.981575e-01 7.330580e-01 4.537187e-01 3.134261e-01
3.004693e-01 -1.088116e+01 6.058084e-02 3.974079e-01 7.337424e-01 4.542184e-01 3.120492e-01
3.009704e-01 -1.088096e+01 6.068141e-02 3.966583e-01 7.344242e-01 4.547168e-01 3.106701e-01
3.014716e-01 -1.088076e+01 6.078199e-02 3.959089e-01 7.351033e-01 4.552139e-01 3.092889e-01
3.019727e-01 -1.088056e+01 6.088256e-02 3.951595e-01 7.357797e-01 4.557098e-01 3.079055e-01
3.024739e-01 -1.088036e+01 6.098313e-02 3.944102e-01 7.364534e-01 4.562045e-01 3.065199e-01
3.029751e-01 -1.088016e+01 6.108371e-02 3.936609e-01 7.371244e-01 4.566979e-01 3.051322e-01
3.034762e-01 -1.087996e+01 6.118428e-02 3.929118e-01 7.377928e-01 4.571901e-01 3.037423e-01
3.039774e-01 -1.087976e+01 6.128485e-02 3.921628e-01 7.384584e-01 4.576810e-01 3.023502e-01
3.044785e-01 -1.087956e+01 6.138543e-02 3.914139e-01 7.391213e-01 4.581706e-01 3.009561e-01
3.049797e-01 -1.087936e+01 6.148600e-02 3.906651e-01 7.397815e-01 4.586590e-01 2.995597e-01
3.054808e-01 -1.087916e+01 6.158657e-02 3.899165e-01 7.404389e-01 4.591462e-01 2.981613e-01
3.059820e-01 -1.087897e+01 6.168715e-02 3.891680e-01 7.410937e-01 4.596320e-01 2.967606e-01
3.064831e-01 -1.087877e+01 6.178772e-02 3.884195e-01 7.417457e-01 4.601167e-01 2.953579e-01
3.069843e-01 -1.087857e+01 6.188829e-02 3.876712e-01 7.423949e-01 4.606001e-01 2.939529e-01
3.074854e-01 -1.087837e+01 6.198887e-02 3.869231e-01 7.430415e-01 4.610822e-01 2.925459e-01
3.079866e-01 -1.087817e+01 6.208944e-02 3.861751e-01 7.436852e-01 4.615631e-01 2.911367e-01
3.084878e-01 -1.087797e+01 6.219001e-02 3.854273e-01 7.443263e-01 4.620427e-01 2.897254e-01
3.089889e-01 -1.087777e+01 6.229059e-02 3.846796e-01 7.449645e-01 4.625210e-01 2.883120e-01
3.094901e-01 -1.087757e+01 6.239116e-02 3.839321e-01 7.456000e-01 4.629981e-01 2.868964e-01
3.099912e-01 -1.087737e+01 6.249173e-02 3.831848e-01 7.462327e-01 4.634740e-01 2.854787e-01
3.104924e-01 -1.087717e+01 6.259231e-02 3.824376e-01 7.468626e-01 4.639485e-01 2.840589e-01
3.109935e-01 -1.087697e+01 6.269288e-02 3.816907e-01 7.474898e-01 4.644219e-01 2.826369e-01
3.114947e-01 -1.087677e+01 6.279345e-02 3.809439e-01 7.481141e-01 4.648940e-01 2.812128e-01
3.119958e-01 -1.087657e+01 6.289403e-02 3.801973e-01 7.487357e-01 4.653647e-01 2.797867e-01
3.124970e-01 -1.087637e+01 6.299460e-02 3.794509e-01 7.493544e-01 4.658343e-01 2.783584e-01
3.129982e-01 -1.087617e+01 6.309517e-02 3.787047e-01 7.499704e-01 4.663026e-01 2.769280e-01
3.134993e-01 -1.087597e+01 6.319575e-02 3.779587e-01 7.505835e-01 4.667696e-01 2.754954e-01
3.140005e-01 -1.087577e+01 6.329632e-02 3.772129e-01 7.511938e-01 4.672354e-01 2.740608e-01
3.145016e-01 -1.087557e+01 6.339689e-02 3.764674e-01 7.518013e-01 4.676999e-01 2.726241e-01
3.150028e-01 -1.087537e+01 6.349747e-02 3.757221e-01 7.524059e-01 4.681632e-01 2.711853e-01
3.155039e-01 -1.087517e+01 6.359804e-02 3.749770e-01 7.530077e-01 4.686252e-01 2.697443e-01
3.160051e-01 -1.087497e+01 6.369861e-02 3.742322e-01 7.536067e-01 4.690859e-01 2.683013e-01
3.165062e-01 -1.087477e+01 6.379919e-02 3.734876e-01 7.542028e-01 4.695454e-01 2.668562e-01
3.170074e-01 -1.087457e+01 6.389976e-02 3.727432e-01 7.547961e-01 4.700037e-01 2.654089e-01
3.175085e-01 -1.087437e+01 6.400033e-02 3.719991e-01 7.553865e-01 4.704606e-01 2.639597e-01
3.180097e-01 -1.087417e+01 6.410091e-02 3.712553e-01 7.559740e-01 4.709163e-01 2.625083e-01
3.185109e-01 -1.087397e+01 6.420148e-02 3.705118e-01 7.565587e-01 4.713708e-01 2.610548e-01
3.190120e-01 -1.087377e+01 6.430205e-02 3.697684e-01 7.571405e-01 4.718239e-01 2.595993e-01
3.195132e-01 -1.087357e+01 6.440263e-02 3.690254e-01 7.577193e-01 4.722759e-01 2.581417e-01
3.200143e-01 -1.087337e+01 6.450320e-02 3.682827e-01 7.582954e-01 4.727265e-01 2.566819e-01
3.205155e-01 -1.087317e+01 6.460377e-02 3.675403e-01 7.588684e-01 4.731760e-01 2.552201e-01
3.210166e-01 -1.087297e+01 6.470435e-02 3.667981e-01 7.594387e-01 4.736241e-01 2.537563e-01
3.215178e-01 -1.087277e+01 6.480492e-02 3.660563e-01 7.600059e-01 4.740710e-01 2.522904e-01
3.220189e-01 -1.087257e+01 6.490549e-02 3.653148e-01 7.605703e-01 4.745166e-01 2.508224e-01
3.225201e-01 -1.087237e+01 6.500607e-02 3.645736e-01 7.611318e-01 4.749610e-01 2.493524e-01
3.230212e-01 -1.087217e+01 6.510664e-02 3.638326e-01 7.616903e-01 4.754041e-01 2.478803e-01
3.235224e-01 -1.087197e+01 6.520721e-02 3.630921e-01 7.622459e-01 4.758460e-01 2.464061e-01
3.240236e-01 -1.087177e+01 6.530779e-02 3.623519e-01 7.627985e-01 4.762865e-01 2.449299e-01
3.245247e-01 -1.087157e+01 6.540836e-02 3.616120e-01 7.633482e-01 4.767259e-01 2.434516e-01
3.250259e-01 -1.087137e+01 6.550893e-02 3.608724e-01 7.638950e-01 4.771639e-01 2.419714e-01
3.255270e-01 -1.087117e+01 6.560951e-02 3.601332e-01 7.644388e-01 4.776008e-01 2.404890e-01
3.260282e-01 -1.087097e+01 6.571008e-02 3.593943e-01 7.649796e-01 4.780363e-01 2.390046e-01
3.265293e-01 -1.087077e+01 6.581065e-02 3.586558e-01 7.655175e-01 4.784706e-01 2.375182e-01
3.270305e-01 -1.087057e+01 6.591123e-02 3.579176e-01 7.660524e-01 4.789036e-01 2.360297e-01
3.275316e-01 -1.087037e+01 6.601180e-02 3.571799e-01 7.665842e-01 4.793355e-01 2.345392e-01
3.280328e-01 -1.087017e+01 6.611237e-02 3.564425e-01 7.671132e-01 4.797660e-01 2.330467e-01
3.285340e-01 -1.086997e+01 6.621295e-02 3.557055e-01 7.676391e-01 4.801952e-01 2.315522e-01
3.290351e-01 -1.086977e+01 6.631352e-02 3.549689e-01 7.681620e-01 4.806232e-01 2.300556e-01
3.295363e-01 -1.086957e+01 6.641409e-02 3.542327e-01 7.686819e-01 4.810500e-01 2.285570e-01
3.300374e-01 -1.086937e+01 6.651467e-02 3.534968e-01 7.691988e-01 4.814754e-01 2.270564e-01
3.305386e-01 -1.086917e+01 6.661524e-02 3.527615e-01 7.697126e-01 4.818997e-01 2.255538e-01
3.310397e-01 -1.086897e+01 6.671581e-02 3.520265e-01 7.702235e-01 4.823226e-01 2.240492e-01
3.315409e-01 -1.086877e+01 6.681639e-02 3.512919e-01 7.707313e-01 4.827444e-01 2.225425e-01
3.320420e-01 -1.086857e+01 6.691696e-02 3.505578e-01 7.712361e-01 4.831648e-01 2.210339e-01
3.325432e-01 -1.086837e+01 6.701753e-02 3.498240e-01 7.717378e-01 4.835840e-01 2.195232e-01
3.330443e-01 -1.086817e+01 6.711811e-02 3.490907e-01 7.722365e-01 4.840020e-01 2.180105e-01
3.335455e-01 -1.086797e+01 6.721868e-02 3.483579e-01 7.727321e-01 4.844187e-01 2.164959e-01
3.340467e-01 -1.086777e+01 6.731925e-02 3.476254e-01 7.732247e-01 4.848341e-01 2.149792e-01
3.345478e-01 -1.086757e+01 6.741983e-02 3.468935e-01 7.737141e-01 4.852483e-01 2.134607e-01
3.350490e-01 -1.086737e+01 6.752040e-02 3.461620e-01 7.742005e-01 4.856613e-01 2.119400e-01
3.355501e-01 -1.086717e+01 6.762097e-02 3.454310e-01 7.746839e-01 4.860729e-01 2.104175e-01
3.360513e-01 -1.086697e+01 6.772155e-02 3.447004e-01 7.751641e-01 4.864834e-01 2.088929e-01
3.365524e-01 -1.086677e+01 6.782212e-02 3.439703e-01 7.756412e-01 4.868925e-01 2.073664e-01
3.370536e-01 -1.086657e+01 6.792269e-02 3.432408e-01 7.761152e-01 4.873004e-01 2.058378e-01
3.375547e-01 -1.086637e+01 6.802327e-02 3.425116e-01 7.765862e-01 4.877071e-01 2.043073e-01
3.380559e-01 -1.086617e+01 6.812384e-02 3.417830e-01 7.770540e-01 4.881125e-01 2.027749e-01
3.385570e-01 -1.086597e+01 6.822441e-02 3.410549e-01 7.775187e-01 4.885167e-01 2.012405e-01
3.390582e-01 -1.086577e+01 6.832499e-02 3.403273e-01 7.779803e-01 4.889196e-01 1.997042e-01
3.395594e-01 -1.086557e+01 6.842556e-02 3.396002e-01 7.784387e-01 4.893212e-01 1.981658e-01
3.400605e-01 -1.086537e+01 6.852613e-02 3.388736e-01 7.788940e-01 4.897216e-01 1.966255e-01
3.405617e-01 -1.086517e+01 6.862671e-02 3.381476e-01 7.793461e-01 4.901208e-01 1.950833e-01
3.410628e-01 -1.086497e+01 6.872728e-02 3.374220e-01 7.797951e-01 4.905187e-01 1.935392e-01
3.415640e-01 -1.086477e+01 6.882785e-02 3.366971e-01 7.802409e-01 4.909153e-01 1.919931e-01
3.420651e-01 -1.086457e+01 6.892843e-02 3.359726e-01 7.806836e-01 4.913108e-01 1.904450e-01
3.425663e-01 -1.086437e+01 6.902900e-02 3.352487e-01 7.811231e-01 4.917049e-01 1.888951e-01
3.430674e-01 -1.086417e+01 6.912957e-02 3.345253e-01 7.815594e-01 4.920978e-01 1.873432e-01
3.435686e-01 -1.086398e+01 6.923015e-02 3.338026e-01 7.819925e-01 4.924895e-01 1.857894e-01
3.440698e-01 -1.086378e+01 6.933072e-02 3.330804e-01 7.824224e-01 4.928799e-01 1.842336e-01
3.445709e-01 -1.086358e+01 6.943129e-02 3.323587e-01 7.828491e-01 4.932691e-01 1.826760e-01
3.450721e-01 -1.086338e+01 6.953186e-02 3.316376e-01 7.832727e-01 4.936571e-01 1.811164e-01
3.455732e-01 -1.086318e+01 6.963244e-02 3.309171e-01 7.836930e-01 4.940437e-01 1.795549e-01
3.460744e-01 -1.086298e+01 6.973301e-02 3.301973e-01 7.841100e-01 4.944292e-01 1.779915e-01
3.465755e-01 -1.086278e+01 6.983358e-02 3.294780e-01 7.845239e-01 4.948134e-01 1.764263e-01
3.470767e-01 -1.086258e+01 6.993416e-02 3.287592e-01 7.849346e-01 4.951963e-01 1.748591e-01
3.475778e-01 -1.086238e+01 7.003473e-02 3.280412e-01 7.853419e-01 4.955781e-01 1.732899e-01
3.480790e-01 -1.086218e+01 7.013530e-02 3.273237e-01 7.857461e-01 4.959585e-01 1.717190e-01
3.485801e-01 -1.086198e+01 7.023588e-02 3.266068e-01 7.861470e-01 4.963378e-01 1.701461e-01
3.490813e-01 -1.086178e+01 7.033645e-02 3.258906e-01 7.865446e-01 4.967158e-01 1.685714e-01
3.495825e-01 -1.086158e+01 7.043702e-02 3.251749e-01 7.869390e-01 4.970925e-01 1.669948e-01
3.500836e-01 -1.086138e+01 7.053760e-02 3.244600e-01 7.873301e-01 4.974681e-01 1.654163e-01
3.505848e-01 -1.086118e+01 7.063817e-02 3.237457e-01 7.877179e-01 4.978424e-01 1.638359e-01
3.510859e-01 -1.086098e+01 7.073874e-02 3.230320e-01 7.881025e-01 4.982154e-01 1.622537e-01
3.515871e-01 -1.086078e+01 7.083932e-02 3.223189e-01 7.884837e-01 4.985872e-01 1.606696e-01
3.520882e-01 -1.086058e+01 7.093989e-02 3.216066e-01 7.888617e-01 4.989578e-01 1.590836e-01
3.525894e-01 -1.086038e+01 7.104046e-02 3.208949e-01 7.892363e-01 4.993271e-01 1.574958e-01
3.530905e-01 -1.086018e+01 7.114104e-02 3.201839e-01 7.896076e-01 4.996953e-01 1.559062e-01
3.535917e-01 -1.085998e+01 7.124161e-02 3.194735e-01 7.899757e-01 5.000621e-01 1.543147e-01
3.540928e-01 -1.085978e+01 7.134218e-02 3.187638e-01 7.903403e-01 5.004278e-01 1.527213e-01
3.545940e-01 -1.085958e+01 7.144276e-02 3.180549e-01 7.907017e-01 5.007922e-01 1.511261e-01
3.550952e-01 -1.085938e+01 7.154333e-02 3.173466e-01 7.910597e-01 5.011554e-01 1.495291e-01
3.555963e-01 -1.085918e+01 7.164390e-02 3.166390e-01 7.914144e-01 5.015173e-01 1.479303e-01
3.560975e-01 -1.085898e+01 7.174448e-02 3.159321e-01 7.917657e-01 5.018781e-01 1.463297e-01
3.565986e-01 -1.085878e+01 7.184505e-02 3.152260e-01 7.921136e-01 5.022376e-01 1.447271e-01
3.570998e-01 -1.085858e+01 7.194562e-02 3.145205e-01 7.924582e-01 5.025959e-01 1.431229e-01
3.576009e-01 -1.085838e+01 7.204620e-02 3.138159e-01 7.927995e-01 5.029529e-01 1.415167e-01
3.581021e-01 -1.085818e+01 7.214677e-02 3.131119e-01 7.931373e-01 5.033088e-01 1.399088e-01
3.586032e-01 -1.085798e+01 7.224734e-02 3.124086e-01 7.934718e-01 5.036634e-01 1.382991e-01
3.591044e-01 -1.085778e+01 7.234792e-02 3.117061e-01 7.938028e-01 5.040167e-01 1.366876e-01
3.596056e-01 -1.085758e+01 7.244849e-02 3.110044e-01 7.941305e-01 5.043689e-01 1.350743e-01
3.601067e-01 -1.085738e+01 7.254906e-02 3.103034e-01 7.944547e-01 5.047199e-01 1.334592e-01
3.606079e-01 -1.085718e+01 7.264964e-02 3.096031e-01 7.947756e-01 5.050696e-01 1.318423e-01
3.611090e-01 -1.085698e+01 7.275021e-02 3.089037e-01 7.950930e-01 5.054181e-01 1.302237e-01
3.616102e-01 -1.085678e+01 7.285078e-02 3.082051e-01 7.954070e-01 5.057654e-01 1.286033e-01
3.621113e-01 -1.085658e+01 7.295136e-02 3.075071e-01 7.957175e-01 5.061114e-01 1.269811e-01
3.626125e-01 -1.085638e+01 7.305193e-02 3.068101e-01 7.960246e-01 5.064563e-01 1.253571e-01
3.631136e-01 -1.085618e+01 7.315250e-02 3.061137e-01 7.963283e-01 5.067999e-01 1.237314e-01
3.636148e-01 -1.085598e+01 7.325308e-02 3.054182e-01 7.966285e-01 5.071424e-01 1.221039e-01
3.641159e-01 -1.085578e+01 7.335365e-02 3.047234e-01 7.969253e-01 5.074836e-01 1.204747e-01
3.646171e-01 -1.085558e+01 7.345422e-02 3.040295e-01 7.972186e-01 5.078236e-01 1.188437e-01
3.651183e-01 -1.085538e+01 7.355480e-02 3.033364e-01 7.975084e-01 5.081624e-01 1.172110e-01
3.656194e-01 -1.085518e+01 7.365537e-02 3.026441e-01 7.977947e-01 5.085000e-01 1.155766e-01
3.661206e-01 -1.085498e+01 7.375594e-02 3.019527e-01 7.980775e-01 5.088363e-01 1.139404e-01
3.666217e-01 -1.085478e+01 7.385652e-02 3.012621e-01 7.983569e-01 5.091715e-01 1.123025e-01
3.671229e-01 -1.085458e+01 7.395709e-02 3.005723e-01 7.986327e-01 5.095055e-01 1.106629e-01
3.676240e-01 -1.085438e+01 7.405766e-02 2.998834e-01 7.989050e-01 5.098383e-01 1.090216e-01
3.681252e-01 -1.085418e+01 7.415824e-02 2.991953e-01 7.991738e-01 5.101698e-01 1.073785e-01
3.686263e-01 -1.085398e+01 7.425881e-02 2.985081e-01 7.994391e-01 5.105002e-01 1.057338e-01
3.691275e-01 -1.085378e+01 7.435938e-02 2.978217e-01 7.997008e-01 5.108294e-01 1.040873e-01
3.696286e-01 -1.085358e+01 7.445996e-02 2.971362e-01 7.999591e-01 5.111573e-01 1.024392e-01
3.701298e-01 -1.085338e+01 7.456053e-02 2.964515e-01 8.002137e-01 5.114841e-01 1.007893e-01
3.706310e-01 -1.085318e+01 7.466110e-02 2.957678e-01 8.004648e-01 5.118097e-01 9.913781e-02
3.711321e-01 -1.085298e+01 7.476168e-02 2.950850e-01 8.007124e-01 5.121340e-01 9.748464e-02
3.716333e-01 -1.085278e+01 7.486225e-02 2.944030e-01 8.009564e-01 5.124572e-01 9.582977e-02
3.721344e-01 -1.085258e+01 7.496282e-02 2.937220e-01 8.011968e-01 5.127792e-01 9.417322e-02
3.726356e-01 -1.085238e+01 7.506340e-02 2.930418e-01 8.014336e-01 5.131000e-01 9.251502e-02
3.731367e-01 -1.085218e+01 7.516397e-02 2.923626e-01 8.016669e-01 5.134196e-01 9.085518e-02
3.736379e-01 -1.085198e+01 7.526454e-02 2.916842e-01 8.018965e-01 5.137380e-01 8.919369e-02
3.741390e-01 -1.085178e+01 7.536512e-02 2.910069e-01 8.021225e-01 5.140553e-01 8.753054e-02
3.746402e-01 -1.085158e+01 7.546569e-02 2.903304e-01 8.023450e-01 5.143713e-01 8.586572e-02
3.751414e-01 -1.085138e+01 7.556626e-02 2.896549e-01 8.025638e-01 5.146862e-01 8.419932e-02
3.756425e-01 -1.085118e+01 7.566684e-02 2.889803e-01 8.027790e-01 5.149999e-01 8.253128e-02
3.761437e-01 -1.085098e+01 7.576741e-02 2.883066e-01 8.029906e-01 5.153124e-01 8.086158e-02
3.766448e-01 -1.085078e+01 7.586798e-02 2.876339e-01 8.031985e-01 5.156237e-01 7.919027e-02
3.771460e-01 -1.085058e+01 7.596856e-02 2.869623e-01 8.034028e-01 5.159338e-01 7.751742e-02
3.776471e-01 -1.085038e+01 7.606913e-02 2.862915e-01 8.036034e-01 5.162428e-01 7.584287e-02
3.781483e-01 -1.085018e+01 7.616970e-02 2.856216e-01 8.038004e-01 5.165506e-01 7.416677e-02
3.786494e-01 -1.084998e+01 7.627028e-02 2.849528e-01 8.039937e-01 5.168572e-01 7.248907e-02
3.791506e-01 -1.084978e+01 7.637085e-02 2.842851e-01 8.041833e-01 5.171627e-01 7.080975e-02
3.796517e-01 -1.084958e+01 7.647142e-02 2.836181e-01 8.043693e-01 5.174669e-01 6.912889e-02
3.801529e-01 -1.084938e+01 7.657200e-02 2.829523e-01 8.045515e-01 5.177700e-01 6.744646e-02
3.806541e-01 -1.084918e+01 7.667257e-02 2.822874e-01 8.047301e-01 5.180720e-01 6.576240e-02
3.811552e-01 -1.084899e+01 7.677314e-02 2.816235e-01 8.049050e-01 5.183727e-01 6.407681e-02
3.816564e-01 -1.084879e+01 7.687372e-02 2.809608e-01 8.050761e-01 5.186723e-01 6.238966e-02
3.821575e-01 -1.084859e+01 7.697429e-02 2.802989e-01 8.052436e-01 5.189708e-01 6.070097e-02
3.826587e-01 -1.084839e+01 7.707486e-02 2.796381e-01 8.054073e-01 5.192681e-01 5.901068e-02
3.831598e-01 -1.084819e+01 7.717544e-02 2.789783e-01 8.055673e-01 5.195642e-01 5.731890e-02
3.836610e-01 -1.084799e+01 7.727601e-02 2.783196e-01 8.057236e-01 5.198591e-01 5.562558e-02
3.841621e-01 -1.084779e+01 7.737658e-02 2.776619e-01 8.058761e-01 5.201530e-01 5.393071e-02
3.846633e-01 -1.084759e+01 7.747716e-02 2.770053e-01 8.060248e-01 5.204456e-01 5.223433e-02
3.851644e-01 -1.084739e+01 7.757773e-02 2.763497e-01 8.061698e-01 5.207371e-01 5.053645e-02
3.856656e-01 -1.084719e+01 7.767830e-02 2.756952e-01 8.063111e-01 5.210275e-01 4.883704e-02
3.861668e-01 -1.084699e+01 7.777888e-02 2.750416e-01 8.064485e-01 5.213167e-01 4.713612e-02
3.866679e-01 -1.084679e+01 7.787945e-02 2.743894e-01 8.065822e-01 5.216047e-01 4.543374e-02
3.871691e-01 -1.084659e+01 7.798002e-02 2.737380e-01 8.067121e-01 5.218916e-01 4.372987e-02
3.876702e-01 -1.084639e+01 7.808060e-02 2.730878e-01 8.068382e-01 5.221773e-01 4.202446e-02
3.881714e-01 -1.084619e+01 7.818117e-02 2.724386e-01 8.069605e-01 5.224619e-01 4.031767e-02
3.886725e-01 -1.084599e+01 7.828174e-02 2.717906e-01 8.070789e-01 5.227454e-01 3.860929e-02
3.891737e-01 -1.084579e+01 7.838232e-02 2.711436e-01 8.071936e-01 5.230277e-01 3.689957e-02
3.896748e-01 -1.084559e+01 7.848289e-02 2.704978e-01 8.073044e-01 5.233090e-01 3.518828e-02
3.901760e-01 -1.084539e+01 7.858346e-02 2.698531e-01 8.074115e-01 5.235890e-01 3.347560e-02
3.906772e-01 -1.084519e+01 7.868404e-02 2.692095e-01 8.075146e-01 5.238679e-01 3.176146e-02
3.911783e-01 -1.084499e+01 7.878461e-02 2.685670e-01 8.076139e-01 5.241457e-01 3.004590e-02
3.916795e-01 -1.084479e+01 7.888518e-02 2.679256e-01 8.077094e-01 5.244224e-01 2.832892e-02
3.921806e-01 -1.084459e+01 7.898576e-02 2.672853e-01 8.078010e-01 5.246979e-01 2.661046e-02
3.926818e-01 -1.084439e+01 7.908633e-02 2.666463e-01 8.078888e-01 5.249723e-01 2.489063e-02
3.931829e-01 -1.084419e+01 7.918690e-02 2.660083e-01 8.079727e-01 5.252456e-01 2.316937e-02
3.936841e-01 -1.084399e+01 7.928747e-02 2.653715e-01 8.080526e-01 5.255178e-01 2.144666e-02
3.941852e-01 -1.084379e+01 7.938805e-02 2.647359e-01 8.081287e-01 5.257888e-01 1.972267e-02
3.946864e-01 -1.084359e+01 7.948862e-02 2.641015e-01 8.082009e-01 5.260587e-01 1.799724e-02
3.951875e-01 -1.084339e+01 7.958919e-02 2.634682e-01 8.082692e-01 5.263275e-01 1.627038e-02
3.956887e-01 -1.084319e+01 7.968977e-02 2.628361e-01 8.083336e-01 5.265952e-01 1.454223e-02
3.961899e-01 -1.084299e+01 7.979034e-02 2.622052e-01 8.083941e-01 5.268617e-01 1.281267e-02
3.966910e-01 -1.084279e+01 7.989091e-02 2.615754e-01 8.084506e-01 5.271272e-01 1.108174e-02
3.971922e-01 -1.084259e+01 7.999149e-02 2.609469e-01 8.085032e-01 5.273916e-01 9.349492e-03
3.976933e-01 -1.084239e+01 8.009206e-02 2.603194e-01 8.085519e-01 5.276548e-01 7.615794e-03
3.981945e-01 -1.084219e+01 8.019263e-02 2.596934e-01 8.085966e-01 5.279169e-01 5.880902e-03
3.986956e-01 -1.084199e+01 8.029321e-02 2.590684e-01 8.086374e-01 5.281780e-01 4.144594e-03
3.991968e-01 -1.084179e+01 8.039378e-02 2.584448e-01 8.086742e-01 5.284379e-01 2.407025e-03
3.996979e-01 -1.084159e+01 8.049435e-02 2.578222e-01 8.087070e-01 5.286967e-01 6.680771e-04
4.001991e-01 -1.084139e+01 8.059493e-02 2.572010e-01 8.087359e-01 5.289545e-01 -1.072146e-03
4.007002e-01 -1.084119e+01 8.069550e-02 2.565809e-01 8.087607e-01 5.292111e-01 -2.813703e-03
4.012014e-01 -1.084099e+01 8.079607e-02 2.559621e-01 8.087816e-01 5.294667e-01 -4.556544e-03
4.017026e-01 -1.084079e+01 8.089665e-02 2.553446e-01 8.087985e-01 5.297211e-01 -6.300599e-03
4.022037e-01 -1.084059e+01 8.099722e-02 2.547283e-01 8.088114e-01 5.299745e-01 -8.045998e-03
4.027049e-01 -1.084039e+01 8.109779e-02 2.541132e-01 8.088202e-01 5.302267e-01 -9.792653e-03
4.032060e-01 -1.084019e+01 8.119837e-02 2.534995e-01 8.088251e-01 5.304779e-01 -1.154054e-02
4.037072e-01 -1.083999e+01 8.129894e-02 2.528870e-01 8.088259e-01 5.307280e-01 -1.328971e-02
4.042083e-01 -1.083979e+01 8.139951e-02 2.522757e-01 8.088227e-01 5.309771e-01 -1.504013e-02
4.047095e-01 -1.083959e+01 8.150009e-02 2.516658e-01 8.088154e-01 5.312250e-01 -1.679173e-02
4.052106e-01 -1.083939e+01 8.160066e-02 2.510571e-01 8.088041e-01 5.314719e-01 -1.854465e-02
4.057118e-01 -1.083919e+01 8.170123e-02 2.504497e-01 8.087887e-01 5.317177e-01 -2.029878e-02
4.062130e-01 -1.083899e+01 8.180181e-02 2.498436e-01 8.087693e-01 5.319624e-01 -2.205410e-02
4.067141e-01 -1.083879e+01 8.190238e-02 2.492389e-01 8.087458e-01 5.322061e-01 -2.381059e-02
4.072153e-01 -1.083859e+01 8.200295e-02 2.486354e-01 8.087182e-01 5.324487e-01 -2.556836e-02
4.077164e-01 -1.083839e+01 8.210353e-02 2.480332e-01 8.086865e-01 5.326902e-01 -2.732724e-02
4.082176e-01 -1.083819e+01 8.220410e-02 2.474324e-01 8.086508e-01 5.329307e-01 -2.908731e-02
4.087187e-01 -1.083799e+01 8.230467e-02 2.468329e-01 8.086109e-01 5.331700e-01 -3.084855e-02
4.092199e-01 -1.083779e+01 8.240525e-02 2.462346e-01 8.085669e-01 5.334084e-01 -3.261101e-02
4.097210e-01 -1.083759e+01 8.250582e-02 2.456377e-01 8.085189e-01 5.336457e-01 -3.437465e-02
4.102222e-01 -1.083739e+01 8.260639e-02 2.450423e-01 8.084666e-01 5.338819e-01 -3.613932e-02
4.107233e-01 -1.083719e+01 8.270697e-02 2.444481e-01 8.084103e-01 5.341171e-01 -3.790516e-02
4.112245e-01 -1.083699e+01 8.280754e-02 2.438553e-01 8.083498e-01 5.343513e-01 -3.967223e-02
4.117257e-01 -1.083679e+01 8.290811e-02 2.432638e-01 8.082852e-01 5.345844e-01 -4.144036e-02
4.122268e-01 -1.083659e+01 8.300869e-02 2.426737e-01 8.082165e-01 5.348164e-01 -4.320953e-02
4.127280e-01 -1.083639e+01 8.310926e-02 2.420851e-01 8.081435e-01 5.350474e-01 -4.497989e-02
4.132291e-01 -1.083619e+01 8.320983e-02 2.414977e-01 8.080664e-01 5.352773e-01 -4.675127e-02
4.137303e-01 -1.083599e+01 8.331041e-02 2.409117e-01 8.079852e-01 5.355063e-01 -4.852382e-02
4.142314e-01 -1.083579e+01 8.341098e-02 2.403271e-01 8.078997e-01 5.357341e-01 -5.029745e-02
4.147326e-01 -1.083559e+01 8.351155e-02 2.397440e-01 8.078101e-01 5.359610e-01 -5.207210e-02
4.152337e-01 -1.083539e+01 8.361213e-02 2.391621e-01 8.077163e-01 5.361868e-01 -5.384784e-02
4.157349e-01 -1.083519e+01 8.371270e-02 2.385818e-01 8.076182e-01 5.364116e-01 -5.562460e-02
4.162360e-01 -1.083499e+01 8.381327e-02 2.380028e-01 8.075160e-01 5.366354e-01 -5.740239e-02
4.167372e-01 -1.083479e+01 8.391385e-02 2.374253e-01 8.074095e-01 5.368581e-01 -5.918124e-02
4.172384e-01 -1.083459e+01 8.401442e-02 2.368490e-01 8.072989e-01 5.370799e-01 -6.096119e-02
4.177395e-01 -1.083439e+01 8.411499e-02 2.362743e-01 8.071840e-01 5.373006e-01 -6.274207e-02
4.182407e-01 -1.083419e+01 8.421557e-02 2.357009e-01 8.070648e-01 5.375203e-01 -6.452403e-02
4.187418e-01 -1.083400e+01 8.431614e-02 2.351291e-01 8.069414e-01 5.377390e-01 -6.630683e-02
4.192430e-01 -1.083380e+01 8.441671e-02 2.345587e-01 8.068138e-01 5.379567e-01 -6.809075e-02
4.197441e-01 -1.083360e+01 8.451729e-02 2.339898e-01 8.066819e-01 5.381733e-01 -6.987559e-02
4.202453e-01 -1.083340e+01 8.461786e-02 2.334222e-01 8.065457e-01 5.383890e-01 -7.166142e-02
4.207464e-01 -1.083320e+01 8.471843e-02 2.328561e-01 8.064053e-01 5.386036e-01 -7.344823e-02
4.212476e-01 -1.083300e+01 8.481901e-02 2.322915e-01 8.062606e-01 5.388173e-01 -7.523597e-02
4.217488e-01 -1.083280e+01 8.491958e-02 2.317284e-01 8.061116e-01 5.390300e-01 -7.702461e-02
4.222499e-01 -1.083260e+01 8.502015e-02 2.311667e-01 8.059583e-01 5.392416e-01 -7.881425e-02
4.227511e-01 -1.083240e+01 8.512073e-02 2.306065e-01 8.058007e-01 5.394523e-01 -8.060475e-02
4.232522e-01 -1.083220e+01 8.522130e-02 2.300478e-01 8.056388e-01 5.396620e-01 -8.239617e-02
4.237534e-01 -1.083200e+01 8.532187e-02 2.294905e-01 8.054725e-01 5.398707e-01 -8.418854e-02
4.242545e-01 -1.083180e+01 8.542245e-02 2.289348e-01 8.053020e-01 5.400784e-01 -8.598181e-02
4.247557e-01 -1.083160e+01 8.552302e-02 2.283805e-01 8.051271e-01 5.402852e-01 -8.777593e-02
4.252568e-01 -1.083140e+01 8.562359e-02 2.278278e-01 8.049479e-01 5.404909e-01 -8.957084e-02
4.257580e-01 -1.083120e+01 8.572417e-02 2.272766e-01 8.047643e-01 5.406957e-01 -9.136672e-02
4.262591e-01 -1.083100e+01 8.582474e-02 2.267268e-01 8.045764e-01 5.408995e-01 -9.316342e-02
4.267603e-01 -1.083080e+01 8.592531e-02 2.261786e-01 8.043842e-01 5.411023e-01 -9.496097e-02
4.272615e-01 -1.083060e+01 8.602589e-02 2.256319e-01 8.041875e-01 5.413042e-01 -9.675931e-02
4.277626e-01 -1.083040e+01 8.612646e-02 2.250868e-01 8.039865e-01 5.415051e-01 -9.855850e-02
4.282638e-01 -1.083020e+01 8.622703e-02 2.245432e-01 8.037812e-01 5.417050e-01 -1.003585e-01
4.287649e-01 -1.083000e+01 8.632761e-02 2.240012e-01 8.035714e-01 5.419040e-01 -1.021593e-01
4.292661e-01 -1.082980e+01 8.642818e-02 2.234606e-01 8.033572e-01 5.421021e-01 -1.039609e-01
4.297672e-01 -1.082960e+01 8.652875e-02 2.229217e-01 8.031387e-01 5.422991e-01 -1.057633e-01
4.302684e-01 -1.082940e+01 8.662933e-02 2.223843e-01 8.029157e-01 5.424952e-01 -1.075664e-01
4.307695e-01 -1.082920e+01 8.672990e-02 2.218484e-01 8.026883e-01 5.426904e-01 -1.093703e-01
4.312707e-01 -1.082900e+01 8.683047e-02 2.213142e-01 8.024565e-01 5.428846e-01 -1.111749e-01
4.317718e-01 -1.082880e+01 8.693105e-02 2.207814e-01 8.022203e-01 5.430779e-01 -1.129803e-01
4.322730e-01 -1.082860e+01 8.703162e-02 2.202502e-01 8.019796e-01 5.432703e-01 -1.147864e-01
4.327742e-01 -1.082840e+01 8.713219e-02 2.197207e-01 8.017345e-01 5.434617e-01 -1.165932e-01
4.332753e-01 -1.082820e+01 8.723277e-02 2.191927e-01 8.014850e-01 5.436521e-01 -1.184007e-01
4.337765e-01 -1.082800e+01 8.733334e-02 2.186663e-01 8.012310e-01 5.438417e-01 -1.202090e-01
4.342776e-01 -1.082780e+01 8.743391e-02 2.181415e-01 8.009725e-01 5.440303e-01 -1.220179e-01
4.347788e-01 -1.082760e+01 8.753449e-02 2.176183e-01 8.007096e-01 5.442180e-01 -1.238275e-01
4.352799e-01 -1.082740e+01 8.763506e-02 2.170967e-01 8.004422e-01 5.444048e-01 -1.256377e-01
4.357811e-01 -1.082720e+01 8.773563e-02 2.165768e-01 8.001703e-01 5.445906e-01 -1.274486e-01
4.362822e-01 -1.082700e+01 8.783621e-02 2.160584e-01 7.998939e-01 5.447755e-01 -1.292601e-01
4.367834e-01 -1.082680e+01 8.793678e-02 2.155416e-01 7.996130e-01 5.449595e-01 -1.310723e-01
4.372846e-01 -1.082660e+01 8.803735e-02 2.150265e-01 7.993276e-01 5.451426e-01 -1.328851e-01
4.377857e-01 -1.082640e+01 8.813793e-02 2.145130e-01 7.990377e-01 5.453248e-01 -1.346985e-01
4.382869e-01 -1.082620e+01 8.823850e-02 2.140012e-01 7.987434e-01 5.455061e-01 -1.365124e-01
4.387880e-01 -1.082600e+01 8.833907e-02 2.134909e-01 7.984444e-01 5.456865e-01 -1.383270e-01
4.392892e-01 -1.082580e+01 8.843965e-02 2.129823e-01 7.981410e-01 5.458660e-01 -1.401421e-01
4.397903e-01 -1.082560e+01 8.854022e-02 2.124755e-01 7.978330e-01 5.460446e-01 -1.419578e-01
4.402915e-01 -1.082540e+01 8.864079e-02 2.119701e-01 7.975205e-01 5.462223e-01 -1.437741e-01
4.407926e-01 -1.082520e+01 8.874136e-02 2.114665e-01 7.972034e-01 5.463991e-01 -1.455908e-01
4.412938e-01 -1.082500e+01 8.884194e-02 2.109646e-01 7.968818e-01 5.465750e-01 -1.474081e-01
4.417949e-01 -1.082480e+01 8.894251e-02 2.104643e-01 7.965556e-01 5.467501e-01 -1.492259e-01
4.422961e-01 -1.082460e+01 8.904308e-02 2.099657e-01 7.962248e-01 5.469242e-01 -1.510442e-01
4.427973e-01 -1.082440e+01 8.914366e-02 2.094687e-01 7.958895e-01 5.470975e-01 -1.528630e-01
4.432984e-01 -1.082420e+01 8.924423e-02 2.089734e-01 7.955496e-01 5.472699e-01 -1.546823e-01
4.437996e-01 -1.082400e+01 8.934480e-02 2.084800e-01 7.952051e-01 5.474414e-01 -1.565021e-01
4.443007e-01 -1.082380e+01 8.944538e-02 2.079880e-01 7.948559e-01 5.476122e-01 -1.583223e-01
4.448019e-01 -1.082360e+01 8.954595e-02 2.074979e-01 7.945023e-01 5.477819e-01 -1.601429e-01
4.453030e-01 -1.082340e+01 8.964652e-02 2.070094e-01 7.941440e-01 5.479509e-01 -1.619640e-01
4.458042e-01 -1.082320e+01 8.974710e-02 2.065226e-01 7.937810e-01 5.481190e-01 -1.637855e-01
4.463053e-01 -1.082300e+01 8.984767e-02 2.060376e-01 7.934135e-01 5.482862e-01 -1.656073e-01
4.468065e-01 -1.082280e+01 8.994824e-02 2.055541e-01 7.930413e-01 5.484526e-01 -1.674297e-01
4.473077e-01 -1.082260e+01 9.004882e-02 2.050726e-01 7.926646e-01 5.486181e-01 -1.692523e-01
4.478088e-01 -1.082240e+01 9.014939e-02 2.045926e-01 7.922831e-01 5.487828e-01 -1.710754e-01
4.483100e-01 -1.082220e+01 9.024996e-02 2.041145e-01 7.918970e-01 5.489466e-01 -1.728987e-01
4.488111e-01 -1.082200e+01 9.035054e-02 2.036380e-01 7.915063e-01 5.491096e-01 -1.747225e-01
4.493123e-01 -1.082180e+01 9.045111e-02 2.031633e-01 7.911109e-01 5.492718e-01 -1.765466e-01
4.498134e-01 -1.082160e+01 9.055168e-02 2.026903e-01 7.907109e-01 5.494331e-01 -1.783710e-01
4.503146e-01 -1.082140e+01 9.065226e-02 2.022190e-01 7.903062e-01 5.495936e-01 -1.801957e-01
4.508157e-01 -1.082120e+01 9.075283e-02 2.017495e-01 7.898968e-01 5.497533e-01 -1.820207e-01
4.513169e-01 -1.082100e+01 9.085340e-02 2.012819e-01 7.894827e-01 5.499121e-01 -1.838459e-01
4.518180e-01 -1.082080e+01 9.095398e-02 2.008159e-01 7.890640e-01 5.500702e-01 -1.856714e-01
4.523192e-01 -1.082060e+01 9.105455e-02 2.003517e-01 7.886405e-01 5.502274e-01 -1.874972e-01
4.528204e-01 -1.082040e+01 9.115512e-02 1.998892e-01 7.882123e-01 5.503838e-01 -1.893233e-01
4.533215e-01 -1.082020e+01 9.125570e-02 1.994285e-01 7.877795e-01 5.505394e-01 -1.911495e-01
4.538227e-01 -1.082000e+01 9.135627e-02 1.989696e-01 7.873419e-01 5.506942e-01 -1.929760e-01
4.543238e-01 -1.081980e+01 9.145684e-02 1.985125e-01 7.868996e-01 5.508481e-01 -1.948027e-01
4.548250e-01 -1.081960e+01 9.155742e-02 1.980571e-01 7.864526e-01 5.510013e-01 -1.966295e-01
4.553261e-01 -1.081940e+01 9.165799e-02 1.976036e-01 7.860009e-01 5.511537e-01 -1.984565e-01
4.558273e-01 -1.081920e+01 9.175856e-02 1.971519e-01 7.855444e-01 5.513053e-01 -2.002837e-01
4.563284e-01 -1.081900e+01 9.185914e-02 1.967018e-01 7.850832e-01 5.514561e-01 -2.021111e-01
4.568296e-01 -1.081881e+01 9.195971e-02 1.962537e-01 7.846172e-01 5.516061e-01 -2.039386e-01
4.573307e-01 -1.081861e+01 9.206028e-02 1.958073e-01 7.841465e-01 5.517554e-01 -2.057662e-01
4.578319e-01 -1.081841e+01 9.216086e-02 1.953627e-01 7.836711e-01 5.519038e-01 -2.075939e-01
4.583331e-01 -1.081821e+01 9.226143e-02 1.949201e-01 7.831908e-01 5.520515e-01 -2.094217e-01
4.588342e-01 -1.081801e+01 9.236200e-02 1.944791e-01 7.827058e-01 5.521984e-01 -2.112496e-01
4.593354e-01 -1.081781e+01 9.246258e-02 1.940400e-01 7.822160e-01 5.523445e-01 -2.130776e-01
4.598365e-01 -1.081761e+01 9.256315e-02 1.936027e-01 7.817215e-01 5.524899e-01 -2.149056e-01
4.603377e-01 -1.081741e+01 9.266372e-02 1.931672e-01 7.812221e-01 5.526345e-01 -2.167336e-01
4.608388e-01 -1.081721e+01 9.276430e-02 1.927336e-01 7.807180e-01 5.527784e-01 -2.185617e-01
4.613400e-01 -1.081701e+01 9.286487e-02 1.923019e-01 7.802091e-01 5.529214e-01 -2.203898e-01
4.618411e-01 -1.081681e+01 9.296544e-02 1.918718e-01 7.796953e-01 5.530638e-01 -2.222180e-01
4.623423e-01 -1.081661e+01 9.306602e-02 1.914438e-01 7.791768e-01 5.532054e-01 -2.240460e-01
4.628435e-01 -1.081641e+01 9.316659e-02 1.910174e-01 7.786534e-01 5.533463e-01 -2.258740e-01
4.633446e-01 -1.081621e+01 9.326716e-02 1.905930e-01 7.781253e-01 5.534864e-01 -2.277020e-01
4.638458e-01 -1.081601e+01 9.336774e-02 1.901705e-01 7.775923e-01 5.536257e-01 -2.295299e-01
4.643469e-01 -1.081581e+01 9.346831e-02 1.897497e-01 7.770545e-01 5.537644e-01 -2.313579e-01
4.648481e-01 -1.081561e+01 9.356888e-02 1.893309e-01 7.765118e-01 5.539023e-01 -2.331856e-01
4.653492e-01 -1.081541e+01 9.366946e-02 1.889139e-01 7.759643e-01 5.540394e-01 -2.350133e-01
4.658504e-01 -1.081521e+01 9.377003e-02 1.884988e-01 7.754119e-01 5.541759e-01 -2.368409e-01
4.663515e-01 -1.081501e+01 9.387060e-02 1.880855e-01 7.748547e-01 5.543116e-01 -2.386683e-01
4.668527e-01 -1.081481e+01 9.397118e-02 1.876741e-01 7.742927e-01 5.544467e-01 -2.404956e-01
4.673538e-01 -1.081461e+01 9.407175e-02 1.872646e-01 7.737258e-01 5.545810e-01 -2.423228e-01
4.678550e-01 -1.081441e+01 9.417232e-02 1.868571e-01 7.731540e-01 5.547145e-01 -2.441496e-01
4.683562e-01 -1.081421e+01 9.427290e-02 1.864513e-01 7.725774e-01 5.548475e-01 -2.459765e-01
4.688573e-01 -1.081401e+01 9.437347e-02 1.860475e-01 7.719959e-01 5.549796e-01 -2.478030e-01
4.693585e-01 -1.081381e+01 9.447404e-02 1.856456e-01 7.714095e-01 5.551111e-01 -2.496293e-01
4.698596e-01 -1.081361e+01 9.457462e-02 1.852455e-01 7.708182e-01 5.552419e-01 -2.514555e-01
4.703608e-01 -1.081341e+01 9.467519e-02 1.848474e-01 7.702220e-01 5.553720e-01 -2.532813e-01
4.708619e-01 -1.081321e+01 9.477576e-02 1.844511e-01 7.696209e-01 5.555014e-01 -2.551069e-01
4.713631e-01 -1.081301e+01 9.487634e-02 1.840568e-01 7.690150e-01 5.556302e-01 -2.569322e-01
4.718642e-01 -1.081281e+01 9.497691e-02 1.836644e-01 7.684041e-01 5.557582e-01 -2.587572e-01
4.723654e-01 -1.081261e+01 9.507748e-02 1.832739e-01 7.677884e-01 5.558856e-01 -2.605820e-01
4.728665e-01 -1.081241e+01 9.517806e-02 1.828852e-01 7.671677e-01 5.560123e-01 -2.624063e-01
4.733677e-01 -1.081221e+01 9.527863e-02 1.824986e-01 7.665421e-01 5.561383e-01 -2.642304e-01
4.738689e-01 -1.081201e+01 9.537920e-02 1.821139e-01 7.659116e-01 5.562637e-01 -2.660540e-01
4.743700e-01 -1.081181e+01 9.547978e-02 1.817310e-01 7.652761e-01 5.563884e-01 -2.678774e-01
4.748712e-01 -1.081161e+01 9.558035e-02 1.813500e-01 7.646357e-01 5.565125e-01 -2.697004e-01
4.753723e-01 -1.081141e+01 9.568092e-02 1.809711e-01 7.639904e-01 5.566359e-01 -2.715228e-01
4.758735e-01 -1.081121e+01 9.578150e-02 1.805940e-01 7.633401e-01 5.567586e-01 -2.733450e-01
4.763746e-01 -1.081101e+01 9.588207e-02 1.802189e-01 7.626849e-01 5.568807e-01 -2.751666e-01
4.768758e-01 -1.081081e+01 9.598264e-02 1.798458e-01 7.620248e-01 5.570021e-01 -2.769878e-01
4.773769e-01 -1.081061e+01 9.608322e-02 1.794746e-01 7.613597e-01 5.571229e-01 -2.788086e-01
4.778781e-01 -1.081041e+01 9.618379e-02 1.791053e-01 7.606897e-01 5.572432e-01 -2.806289e-01
4.783793e-01 -1.081021e+01 9.628436e-02 1.787380e-01 7.600147e-01 5.573627e-01 -2.824487e-01
4.788804e-01 -1.081001e+01 9.638494e-02 1.783725e-01 7.593347e-01 5.574817e-01 -2.842680e-01
4.793816e-01 -1.080981e+01 9.648551e-02 1.780092e-01 7.586497e-01 5.575999e-01 -2.860867e-01
4.798827e-01 -1.080961e+01 9.658608e-02 1.776477e-01 7.579598e-01 5.577176e-01 -2.879050e-01
4.803839e-01 -1.080941e+01 9.668666e-02 1.772882e-01 7.572649e-01 5.578347e-01 -2.897226e-01
4.808850e-01 -1.080921e+01 9.678723e-02 1.769307e-01 7.565651e-01 5.579511e-01 -2.915396e-01
4.813862e-01 -1.080901e+01 9.688780e-02 1.765751e-01 7.558602e-01 5.580670e-01 -2.933561e-01
4.818873e-01 -1.080881e+01 9.698838e-02 1.762215e-01 7.551504e-01 5.581822e-01 -2.951719e-01
4.823885e-01 -1.080861e+01 9.708895e-02 1.758698e-01 7.544355e-01 5.582969e-01 -2.969873e-01
4.828896e-01 -1.080841e+01 9.718952e-02 1.755202e-01 7.537157e-01 5.584109e-01 -2.988018e-01
4.833908e-01 -1.080821e+01 9.729010e-02 1.751725e-01 7.529909e-01 5.585243e-01 -3.006157e-01
4.838920e-01 -1.080801e+01 9.739067e-02 1.748268e-01 7.522611e-01 5.586372e-01 -3.024290e-01
4.843931e-01 -1.080781e+01 9.749124e-02 1.744830e-01 7.515263e-01 5.587495e-01 -3.042416e-01
4.848943e-01 -1.080761e+01 9.759182e-02 1.741413e-01 7.507864e-01 5.588612e-01 -3.060534e-01
4.853954e-01 -1.080741e+01 9.769239e-02 1.738015e-01 7.500416e-01 5.589723e-01 -3.078646e-01
4.858966e-01 -1.080721e+01 9.779296e-02 1.734637e-01 7.492917e-01 5.590828e-01 -3.096750e-01
4.863977e-01 -1.080701e+01 9.789354e-02 1.731279e-01 7.485369e-01 5.591928e-01 -3.114846e-01
4.868989e-01 -1.080681e+01 9.799411e-02 1.727941e-01 7.477770e-01 5.593022e-01 -3.132935e-01
4.874000e-01 -1.080661e+01 9.809468e-02 1.724624e-01 7.470121e-01 5.594111e-01 -3.151015e-01
4.879012e-01 -1.080641e+01 9.819525e-02 1.721326e-01 7.462421e-01 5.595194e-01 -3.169087e-01
4.884023e-01 -1.080621e+01 9.829583e-02 1.718048e-01 7.454671e-01 5.596271e-01 -3.187152e-01
4.889035e-01 -1.080601e+01 9.839640e-02 1.714790e-01 7.446871e-01 5.597343e-01 -3.205208e-01
4.894047e-01 -1.080581e+01 9.849697e-02 1.711551e-01 7.439021e-01 5.598409e-01 -3.223256e-01
4.899058e-01 -1.080561e+01 9.859755e-02 1.708333e-01 7.431120e-01 5.599470e-01 -3.241294e-01
4.904070e-01 -1.080541e+01 9.869812e-02 1.705137e-01 7.423169e-01 5.600526e-01 -3.259323e-01
4.909081e-01 -1.080521e+01 9.879869e-02 1.701959e-01 7.415167e-01 5.601576e-01 -3.277343e-01
4.914093e-01 -1.080501e+01 9.889927e-02 1.698801e-01 7.407115e-01 5.602621e-01 -3.295355e-01
4.919104e-01 -1.080481e+01 9.899984e-02 1.695662e-01 7.399012e-01 5.603661e-01 -3.313357e-01
4.924116e-01 -1.080461e+01 9.910041e-02 1.692546e-01 7.390859e-01 5.604695e-01 -3.331348e-01
4.929127e-01 -1.080441e+01 9.920099e-02 1.689448e-01 7.382655e-01 5.605725e-01 -3.349331e-01
4.934139e-01 -1.080421e+01 9.930156e-02 1.686371e-01 7.374401e-01 5.606749e-01 -3.367303e-01
4.939151e-01 -1.080401e+01 9.940213e-02 1.683314e-01 7.366096e-01 5.607768e-01 -3.385265e-01
4.944162e-01 -1.080382e+01 9.950271e-02 1.680278e-01 7.357741e-01 5.608782e-01 -3.403217e-01
4.949174e-01 -1.080362e+01 9.960328e-02 1.677261e-01 7.349335e-01 5.609791e-01 -3.421158e-01
4.954185e-01 -1.080342e+01 9.970385e-02 1.674266e-01 7.340878e-01 5.610794e-01 -3.439088e-01
4.959197e-01 -1.080322e+01 9.980443e-02 1.671290e-01 7.332371e-01 5.611794e-01 -3.457008e-01
4.964208e-01 -1.080302e+01 9.990500e-02 1.668334e-01 7.323812e-01 5.612788e-01 -3.474916e-01
4.969220e-01 -1.080282e+01 1.000056e-01 1.665399e-01 7.315204e-01 5.613777e-01 -3.492813e-01
4.974231e-01 -1.080262e+01 1.001061e-01 1.662484e-01 7.306544e-01 5.614762e-01 -3.510700e-01
4.979243e-01 -1.080242e+01 1.002067e-01 1.659590e-01 7.297834e-01 5.615741e-01 -3.528573e-01
4.984254e-01 -1.080222e+01 1.003073e-01 1.656716e-01 7.289073e-01 5.616716e-01 -3.546436e-01
4.989266e-01 -1.080202e+01 1.004079e-01 1.653861e-01 7.280261e-01 5.617687e-01 -3.564287e-01
4.994278e-01 -1.080182e+01 1.005084e-01 1.651029e-01 7.271398e-01 5.618652e-01 -3.582125e-01
4.999289e-01 -1.080162e+01 1.006090e-01 1.648216e-01 7.262485e-01 5.619613e-01 -3.599951e-01
5.004301e-01 -1.080142e+01 1.007096e-01 1.645423e-01 7.253521e-01 5.620570e-01 -3.617765e-01
