q_scalar
0.707107
0.706988
0.706868
0.706746
0.706623
0.706498
0.706372
0.706244
0.706115
0.705984
0.705852
0.705718
0.705582
0.705445
0.705307
0.705167
0.705025
0.704882
0.704737
0.704591
0.704443
0.704294
0.704143
0.703991
0.703837
0.703681
0.703524
0.703366
0.703205
0.703044
0.702881
0.702716
0.702549
0.702382
0.702212
0.702041
0.701869
0.701695
0.701519
0.701342
0.701163
0.700983
0.700801
0.700618
0.700433
0.700247
0.700059
0.699869
0.699678
0.699485
0.699291
0.699096
0.698898
0.698699
0.698499
0.698297
0.698094
0.697889
0.697682
0.697474
0.697264
0.697053
0.696840
0.696626
0.696410
0.696192
0.695973
0.695753
0.695531
0.695307
0.695082
0.694855
0.694627
0.694397
0.694166
0.693933
0.693698
0.693462
0.693224
0.692985
0.692744
0.692502
0.692258
0.692013
0.691766
0.691518
0.691268
0.691016
0.690763
0.690508
0.690252
0.689994
0.689735
0.689474
0.689212
0.688948
0.688682
0.688415
0.688147
0.687877
0.687605
0.687332
0.687057
0.686781
0.686503
0.686224
0.685943
0.685660
0.685376
0.685091
0.684804
0.684515
0.684225
0.683933
0.683640
0.683345
0.683049
0.682751
0.682452
0.682151
0.681849
0.681545
0.681239
0.680932
0.680624
0.680314
0.680002
0.679689
0.679374
0.679058
0.678740
0.678421
0.678100
0.677778
0.677454
0.677129
0.676802
0.676474
0.676144
0.675813
0.675480
0.675145
0.674809
0.674472
0.674133
0.673792
0.673450
0.673107
0.672762
0.672416
0.672067
0.671718
0.671367
0.671014
0.670660
0.670305
0.669948
0.669589
0.669229
0.668868
0.668505
0.668140
0.667774
0.667407
0.667038
0.666667
0.666295
0.665922
0.665547
0.665171
0.664793
0.664413
0.664033
0.663650
0.663266
0.662881
0.662494
0.662106
0.661716
0.661325
0.660933
0.660539
0.660143
0.659746
0.659347
0.658947
0.658546
0.658143
0.657739
0.657333
0.656926
0.656517
0.656107
0.655695
0.655282
0.654868
0.654452
0.654034
0.653615
0.653195
0.652773
0.652350
0.651926
0.651500
0.651072
0.650643
0.650213
0.649781
0.649348
0.648913
0.648477
0.648040
0.647601
0.647161
0.646719
0.646276
0.645831
0.645385
0.644938
0.644489
0.644039
0.643588
0.643135
0.642680
0.642225
0.641767
0.641309
0.640849
0.640388
0.639925
0.639461
0.638995
0.638529
0.638060
0.637591
0.637120
0.636647
0.636174
0.635699
0.635222
0.634744
0.634265
0.633785
0.633303
0.632819
0.632335
0.631849
0.631362
0.630873
0.630383
0.629892
0.629399
0.628905
0.628409
0.627913
0.627415
0.626915
0.626415
0.625913
0.625409
0.624905
0.624399
0.623891
0.623383
0.622873
0.622362
0.621849
0.621335
0.620820
0.620304
0.619786
0.619267
0.618747
0.618225
0.617702
0.617178
0.616653
0.616126
0.615598
0.615068
0.614538
0.614006
0.613473
0.612939
0.612403
0.611866
0.611328
0.610789
0.610248
0.609706
0.609163
0.608619
0.608073
0.607526
0.606978
0.606429
0.605878
0.605326
0.604773
0.604219
0.603664
0.603107
0.602549
0.601990
0.601430
0.600868
0.600306
0.599742
0.599177
0.598610
0.598043
0.597474
0.596904
0.596333
0.595761
0.595188
0.594613
0.594037
0.593461
0.592882
0.592303
0.591723
0.591141
0.590559
0.589975
0.589390
0.588804
0.588216
0.587628
0.587039
0.586448
0.585856
0.585263
0.584669
0.584074
0.583478
0.582880
0.582282
0.581682
0.581082
0.580480
0.579877
0.579273
0.578668
0.578062
0.577454
0.576846
0.576237
0.575626
0.575015
0.574402
0.573788
0.573174
0.572558
0.571941
0.571323
0.570704
0.570084
0.569463
0.568841
0.568218
0.567594
0.566969
0.566343
0.565715
0.565087
0.564458
0.563828
0.563197
0.562564
0.561931
0.561297
0.560662
0.560025
0.559388
0.558750
0.558111
0.557471
0.556830
0.556188
0.555545
0.554901
0.554256
0.553610
0.552963
0.552315
0.551667
0.551017
0.550366
0.549715
0.549062
0.548409
0.547755
0.547099
0.546443
0.545786
0.545128
0.544470
0.543810
0.543149
0.542488
0.541825
0.541162
0.540498
0.539833
0.539167
0.538500
0.537833
0.537164
0.536495
0.535825
0.535154
0.534482
0.533809
0.533136
0.532461
0.531786
0.531110
0.530433
0.529756
0.529077
0.528398
0.527718
0.527037
0.526355
0.525673
0.524990
0.524306
0.523621
0.522935
0.522249
0.521562
0.520874
0.520186
0.519496
0.518806
0.518115
0.517424
0.516731
0.516038
0.515344
0.514650
0.513955
0.513259
0.512562
0.511865
0.511167
0.510468
0.509769
0.509068
0.508368
0.507666
0.506964
0.506261
0.505558
0.504853
0.504148
0.503443
0.502737
0.502030
0.501323
0.500615
0.499906
0.499196
0.498487
0.497776
0.497065
0.496353
0.495641
0.494928
0.494214
0.493500
0.492785
0.492070
0.491354
0.490637
0.489920
0.489202
0.488484
0.487765
0.487046
0.486326
0.485606
0.484885
0.484163
0.483441
0.482719
0.481996
0.481272
0.480548
0.479824
0.479099
0.478373
0.477647
0.476920
0.476193
0.475466
0.474738
0.474009
0.473281
0.472551
0.471821
0.471091
0.470360
0.469629
0.468898
0.468166
0.467433
0.466700
0.465967
0.465233
0.464499
0.463765
0.463030
0.462295
0.461559
0.460823
0.460087
0.459350
0.458613
0.457875
0.457137
0.456399
0.455660
0.454922
0.454182
0.453443
0.452703
0.451963
0.451222
0.450481
0.449740
0.448999
0.448257
0.447515
0.446773
0.446030
0.445287
0.444544
0.443801
0.443057
0.442313
0.441569
0.440824
0.440080
0.439335
0.438590
0.437844
0.437099
0.436353
0.435607
0.434861
0.434114
0.433368
0.432621
0.431874
0.431127
0.430380
0.429632
0.428884
0.428137
0.427389
0.426641
0.425892
0.425144
0.424396
0.423647
0.422898
0.422149
0.421400
0.420651
0.419902
0.419153
0.418403
0.417654
0.416905
0.416155
0.415405
0.414656
0.413906
0.413156
0.412406
0.411656
0.410906
0.410156
0.409406
0.408656
0.407906
0.407156
0.406406
0.405656
0.404906
0.404156
0.403406
0.402656
0.401906
0.401157
0.400407
0.399657
0.398907
0.398157
0.397408
0.396658
0.395909
0.395159
0.394410
0.393661
0.392912
0.392163
0.391414
0.390665
0.389916
0.389168
0.388420
0.387671
0.386923
0.386175
0.385427
0.384680
0.383932
0.383185
0.382438
0.381691
0.380944
0.380197
0.379451
0.378705
0.377959
0.377213
0.376467
0.375722
0.374977
0.374232
0.373488
0.372743
0.371999
0.371255
0.370512
0.369768
0.369025
0.368283
0.367540
0.366798
0.366056
0.365315
0.364574
0.363833
0.363092
0.362352
0.361612
0.360872
0.360133
0.359394
0.358656
0.357918
0.357180
0.356442
0.355705
0.354969
0.354233
0.353497
0.352761
0.352026
0.351292
0.350558
0.349824
0.349091
0.348358
0.347625
0.346893
0.346162
0.345431
0.344700
0.343970
0.343241
0.342512
0.341783
0.341055
0.340327
0.339600
0.338874
0.338148
0.337422
0.336697
0.335973
0.335249
0.334525
0.333803
0.333080
0.332359
0.331638
0.330917
0.330197
0.329478
0.328759
0.328041
0.327324
0.326607
0.325891
0.325175
0.324460
0.323746
0.323032
0.322319
0.321607
0.320895
0.320184
0.319473
0.318764
0.318055
0.317347
0.316639
0.315932
0.315226
0.314521
0.313816
0.313112
0.312409
0.311706
0.311004
0.310303
0.309603
0.308904
0.308205
0.307507
0.306810
0.306114
0.305418
0.304723
0.304030
0.303336
0.302644
0.301953
0.301262
0.300572
0.299883
0.299195
0.298508
0.297822
0.297136
0.296452
0.295768
0.295085
0.294403
0.293722
0.293042
0.292363
0.291684
0.291007
0.290330
0.289655
0.288980
0.288307
0.287634
0.286962
0.286291
0.285622
0.284953
0.284285
0.283618
0.282952
0.282287
0.281624
0.280961
0.280299
0.279638
0.278978
0.278320
0.277662
0.277005
0.276350
0.275695
0.275042
0.274389
0.273738
0.273088
0.272439
0.271791
0.271144
0.270498
0.269853
0.269210
0.268567
0.267926
0.267285
0.266646
0.266008
0.265372
0.264736
0.264101
0.263468
0.262836
0.262205
0.261575
0.260947
0.260319
0.259693
0.259068
0.258445
0.257822
0.257201
0.256581
0.255962
0.255345
0.254728
0.254113
0.253499
0.252887
0.252276
0.251666
0.251057
0.250450
0.249844
0.249239
0.248635
0.248033
0.247432
0.246833
0.246235
0.245638
0.245042
0.244448
0.243855
0.243264
0.242674
0.242085
0.241498
0.240912
0.240327
0.239744
0.239162
0.238582
0.238003
0.237425
0.236849
0.236274
0.235701
0.235129
0.234559
0.233990
0.233422
0.232856
0.232291
0.231728
0.231167
0.230606
0.230048
0.229491
0.228935
0.228381
0.227828
0.227277
0.226727
0.226179
0.225632
0.225087
0.224543
0.224001
0.223461
0.222922
0.222384
0.221848
0.221314
0.220781
0.220250
0.219721
0.219193
0.218666
0.218141
0.217618
0.217097
0.216577
0.216058
0.215542
0.215027
0.214513
0.214001
0.213491
0.212982
0.212475
0.211970
0.211466
0.210965
0.210464
0.209966
0.209469
0.208973
0.208480
0.207988
0.207498
0.207009
0.206523
0.206038
0.205554
0.205073
0.204593
0.204114
0.203638
0.203163
0.202690
0.202219
0.201749
0.201282
0.200816
0.200352
0.199889
0.199429
0.198970
0.198513
0.198057
0.197604
0.197152
0.196702
0.196254
0.195807
0.195363
0.194920
0.194479
0.194040
0.193603
0.193167
0.192734
0.192302
0.191872
0.191444
0.191017
0.190593
0.190171
0.189750
0.189331
0.188914
0.188499
0.188086
0.187674
0.187265
0.186857
0.186451
0.186048
0.185646
0.185245
0.184847
0.184451
0.184057
0.183664
0.183274
0.182885
0.182499
0.182114
0.181731
0.181350
0.180971
0.180594
0.180219
0.179846
0.179475
0.179105
0.178738
0.178373
0.178009
0.177648
0.177288
0.176931
0.176575
0.176222
0.175870
0.175520
0.175173
0.174827
0.174483
0.174141
0.173801
0.173464
0.173128
0.172794
0.172462
0.172133
0.171805
0.171479
0.171155
0.170833
0.170514
0.170196
0.169880
0.169566
0.169255
0.168945
0.168637
0.168331
0.168028
0.167726
0.167427
0.167129
0.166833
0.166540
0.166248
0.165959
0.165672
0.165386
0.165103
0.164822
