q_x
0.000000
0.001532
0.003064
0.004595
0.006126
0.007656
0.009187
0.010717
0.012246
0.013776
0.015305
0.016833
0.018362
0.019890
0.021417
0.022944
0.024471
0.025998
0.027524
0.029050
0.030575
0.032100
0.033624
0.035149
0.036672
0.038196
0.039719
0.041241
0.042764
0.044285
0.045807
0.047328
0.048848
0.050368
0.051888
0.053407
0.054926
0.056444
0.057962
0.059479
0.060996
0.062512
0.064028
0.065544
0.067059
0.068573
0.070088
0.071601
0.073114
0.074627
0.076139
0.077651
0.079162
0.080672
0.082182
0.083692
0.085201
0.086710
0.088218
0.089725
0.091232
0.092738
0.094244
0.095750
0.097254
0.098759
0.100262
0.101765
0.103268
0.104770
0.106271
0.107772
0.109272
0.110772
0.112271
0.113769
0.115267
0.116765
0.118261
0.119757
0.121253
0.122748
0.124242
0.125736
0.127229
0.128721
0.130213
0.131704
0.133194
0.134684
0.136173
0.137662
0.139150
0.140637
0.142124
0.143610
0.145095
0.146579
0.148063
0.149547
0.151029
0.152511
0.153992
0.155473
0.156952
0.158432
0.159910
0.161388
0.162865
0.164341
0.165816
0.167291
0.168765
0.170239
0.171711
0.173183
0.174655
0.176125
0.177595
0.179064
0.180532
0.181999
0.183466
0.184932
0.186397
0.187861
0.189325
0.190788
0.192250
0.193711
0.195172
0.196632
0.198090
0.199549
0.201006
0.202462
0.203918
0.205373
0.206827
0.208280
0.209733
0.211184
0.212635
0.214085
0.215534
0.216983
0.218430
0.219877
0.221322
0.222767
0.224211
0.225654
0.227097
0.228538
0.229979
0.231419
0.232857
0.234295
0.235732
0.237169
0.238604
0.240038
0.241472
0.242904
0.244336
0.245767
0.247197
0.248626
0.250054
0.251481
0.252907
0.254332
0.255757
0.257180
0.258603
0.260024
0.261445
0.262864
0.264283
0.265701
0.267118
0.268533
0.269948
0.271362
0.272775
0.274187
0.275598
0.277008
0.278417
0.279825
0.281232
0.282638
0.284043
0.285447
0.286850
0.288252
0.289653
0.291053
0.292452
0.293850
0.295246
0.296642
0.298037
0.299431
0.300824
0.302215
0.303606
0.304996
0.306384
0.307772
0.309158
0.310543
0.311928
0.313311
0.314693
0.316074
0.317454
0.318833
0.320211
0.321587
0.322963
0.324338
0.325711
0.327083
0.328455
0.329825
0.331194
0.332562
0.333928
0.335294
0.336658
0.338022
0.339384
0.340745
0.342105
0.343464
0.344821
0.346178
0.347533
0.348887
0.350240
0.351592
0.352943
0.354292
0.355641
0.356988
0.358334
0.359679
0.361022
0.362365
0.363706
0.365046
0.366385
0.367722
0.369059
0.370394
0.371728
0.373060
0.374392
0.375722
0.377051
0.378379
0.379706
0.381031
0.382355
0.383678
0.384999
0.386320
0.387639
0.388956
0.390273
0.391588
0.392902
0.394215
0.395526
0.396837
0.398145
0.399453
0.400759
0.402064
0.403368
0.404670
0.405971
0.407271
0.408570
0.409867
0.411163
0.412457
0.413750
0.415042
0.416332
0.417622
0.418909
0.420196
0.421481
0.422765
0.424047
0.425328
0.426608
0.427886
0.429163
0.430439
0.431713
0.432986
0.434257
0.435527
0.436796
0.438063
0.439329
0.440593
0.441856
0.443118
0.444378
0.445637
0.446894
0.448150
0.449405
0.450658
0.451910
0.453160
0.454409
0.455656
0.456902
0.458147
0.459390
0.460631
0.461871
0.463110
0.464347
0.465583
0.466817
0.468049
0.469281
0.470510
0.471739
0.472965
0.474191
0.475415
0.476637
0.477858
0.479077
0.480294
0.481511
0.482725
0.483938
0.485150
0.486360
0.487569
0.488776
0.489981
0.491185
0.492388
0.493588
0.494788
0.495985
0.497181
0.498376
0.499569
0.500760
0.501950
0.503138
0.504325
0.505510
0.506693
0.507875
0.509055
0.510234
0.511411
0.512587
0.513760
0.514932
0.516103
0.517272
0.518439
0.519605
0.520769
0.521931
0.523092
0.524251
0.525408
0.526564
0.527718
0.528870
0.530021
0.531170
0.532318
0.533463
0.534607
0.535750
0.536890
0.538029
0.539166
0.540302
0.541436
0.542568
0.543698
0.544827
0.545954
0.547079
0.548202
0.549324
0.550444
0.551562
0.552679
0.553794
0.554907
0.556018
0.557127
0.558235
0.559341
0.560445
0.561547
0.562648
0.563747
0.564844
0.565939
0.567032
0.568124
0.569214
0.570302
0.571388
0.572472
0.573555
0.574635
0.575714
0.576791
0.577866
0.578940
0.580011
0.581081
0.582149
0.583215
0.584279
0.585341
0.586401
0.587460
0.588516
0.589571
0.590624
0.591675
0.592724
0.593771
0.594816
0.595859
0.596901
0.597940
0.598978
0.600013
0.601047
0.602079
0.603108
0.604136
0.605162
0.606186
0.607208
0.608228
0.609246
0.610262
0.611277
0.612289
0.613299
0.614307
0.615313
0.616318
0.617320
0.618320
0.619318
0.620314
0.621309
0.622301
0.623291
0.624279
0.625265
0.626249
0.627231
0.628211
0.629189
0.630165
0.631139
0.632111
0.633080
0.634048
0.635013
0.635977
0.636938
0.637897
0.638855
0.639810
0.640763
0.641714
0.642662
0.643609
0.644554
0.645496
0.646436
0.647374
0.648310
0.649244
0.650176
0.651105
0.652033
0.652958
0.653881
0.654802
0.655721
0.656637
0.657552
0.658464
0.659374
0.660282
0.661187
0.662091
0.662992
0.663891
0.664787
0.665682
0.666574
0.667464
0.668352
0.669238
0.670121
0.671002
0.671881
0.672757
0.673632
0.674503
0.675373
0.676241
0.677106
0.677969
0.678829
0.679687
0.680543
0.681397
0.682248
0.683097
0.683944
0.684788
0.685630
0.686470
0.687307
0.688142
0.688974
0.689805
0.690633
0.691458
0.692281
0.693102
0.693920
0.694736
0.695550
0.696361
0.697170
0.697976
0.698780
0.699581
0.700380
0.701177
0.701971
0.702763
0.703552
0.704339
0.705124
0.705906
0.706685
0.707462
0.708237
0.709009
0.709778
0.710545
0.711310
0.712072
0.712831
0.713588
0.714343
0.715095
0.715844
0.716591
0.717336
0.718077
0.718817
0.719553
0.720288
0.721019
0.721748
0.722475
0.723198
0.723920
0.724638
0.725354
0.726068
0.726779
0.727487
0.728193
0.728896
0.729596
0.730294
0.730989
0.731681
0.732371
0.733058
0.733742
0.734424
0.735103
0.735780
0.736453
0.737124
0.737793
0.738458
0.739121
0.739781
0.740439
0.741094
0.741746
0.742395
0.743041
0.743685
0.744326
0.744964
0.745600
0.746233
0.746863
0.747490
0.748114
0.748736
0.749354
0.749970
0.750583
0.751194
0.751801
0.752406
0.753008
0.753607
0.754203
0.754796
0.755386
0.755974
0.756559
0.757140
0.757719
0.758295
0.758868
0.759439
0.760006
0.760570
0.761132
0.761690
0.762246
0.762799
0.763348
0.763895
0.764439
0.764980
0.765517
0.766052
0.766584
0.767113
0.767639
0.768162
0.768682
0.769199
0.769713
0.770223
0.770731
0.771236
0.771738
0.772236
0.772732
0.773225
0.773714
0.774201
0.774684
0.775164
0.775641
0.776115
0.776586
0.777054
0.777519
0.777980
0.778439
0.778894
0.779346
0.779795
0.780241
0.780684
0.781123
0.781559
0.781992
0.782422
0.782849
0.783273
0.783693
0.784110
0.784524
0.784935
0.785342
0.785746
0.786147
0.786545
0.786939
0.787330
0.787718
0.788102
0.788484
0.788862
0.789236
0.789608
0.789976
0.790340
0.790702
0.791060
0.791414
0.791766
0.792114
0.792458
0.792799
0.793137
0.793472
0.793803
0.794130
0.794455
0.794776
0.795093
0.795407
0.795718
0.796025
0.796328
0.796629
0.796925
0.797219
0.797508
0.797795
0.798078
0.798357
0.798633
0.798905
0.799174
0.799439
0.799701
0.799959
0.800214
0.800465
0.800712
0.800956
0.801197
0.801434
0.801667
0.801897
0.802123
0.802345
0.802564
0.802779
0.802991
0.803199
0.803403
0.803603
0.803800
0.803994
0.804183
0.804369
0.804552
0.804730
0.804905
0.805076
0.805244
0.805407
0.805567
0.805724
0.805876
0.806025
0.806170
0.806311
0.806449
0.806582
0.806712
0.806838
0.806960
0.807079
0.807194
0.807304
0.807411
0.807515
0.807614
0.807709
0.807801
0.807889
0.807973
0.808053
0.808129
0.808201
0.808269
0.808334
0.808394
0.808451
0.808503
0.808552
0.808597
0.808637
0.808674
0.808707
0.808736
0.808761
0.808782
0.808798
0.808811
0.808820
0.808825
0.808826
0.808823
0.808815
0.808804
0.808789
0.808769
0.808746
0.808718
0.808687
0.808651
0.808611
0.808567
0.808519
0.808467
0.808410
0.808350
0.808285
0.808216
0.808144
0.808066
0.807985
0.807900
0.807810
0.807716
0.807618
0.807516
0.807410
0.807299
0.807184
0.807065
0.806941
0.806814
0.806682
0.806546
0.806405
0.806261
0.806112
0.805958
0.805801
0.805639
0.805473
0.805302
0.805127
0.804948
0.804764
0.804576
0.804384
0.804188
0.803987
0.803781
0.803571
0.803357
0.803139
0.802916
0.802688
0.802457
0.802220
0.801980
0.801735
0.801485
0.801231
0.800973
0.800710
0.800442
0.800170
0.799894
0.799613
0.799328
0.799038
0.798743
0.798444
0.798141
0.797833
0.797520
0.797203
0.796882
0.796556
0.796225
0.795889
0.795550
0.795205
0.794856
0.794502
0.794144
0.793781
0.793414
0.793041
0.792665
0.792283
0.791897
0.791506
0.791111
0.790711
0.790306
0.789897
0.789483
0.789064
0.788640
0.788212
0.787779
0.787342
0.786900
0.786453
0.786001
0.785544
0.785083
0.784617
0.784147
0.783671
0.783191
0.782706
0.782216
0.781721
0.781222
0.780718
0.780209
0.779695
0.779177
0.778653
0.778125
0.777592
0.777054
0.776512
0.775964
0.775412
0.774855
0.774293
0.773726
0.773154
0.772577
0.771996
0.771409
0.770818
0.770222
0.769621
0.769015
0.768404
0.767788
0.767168
0.766542
0.765912
0.765276
0.764636
0.763990
0.763340
0.762685
0.762025
0.761360
0.760690
0.760015
0.759335
0.758650
0.757960
0.757265
0.756565
0.755860
0.755150
0.754436
0.753716
0.752991
0.752261
0.751526
0.750786
0.750042
0.749292
0.748537
0.747777
0.747012
0.746242
0.745467
0.744687
0.743902
0.743112
0.742317
0.741517
0.740711
0.739901
0.739086
0.738266
0.737440
0.736610
0.735774
0.734933
0.734088
0.733237
0.732381
0.731520
0.730654
0.729783
0.728907
0.728026
0.727140
0.726249
