q_y
0.000000
0.000825
0.001651
0.002477
0.003304
0.004132
0.004959
0.005788
0.006617
0.007446
0.008276
0.009107
0.009938
0.010769
0.011601
0.012433
0.013266
0.014100
0.014934
0.015768
0.016603
0.017438
0.018274
0.019110
0.019947
0.020784
0.021621
0.022459
0.023298
0.024136
0.024976
0.025815
0.026655
0.027496
0.028337
0.029178
0.030020
0.030862
0.031704
0.032547
0.033390
0.034234
0.035078
0.035922
0.036767
0.037612
0.038458
0.039303
0.040149
0.040996
0.041843
0.042690
0.043537
0.044385
0.045233
0.046082
0.046931
0.047780
0.048629
0.049479
0.050329
0.051179
0.052029
0.052880
0.053731
0.054583
0.055435
0.056286
0.057139
0.057991
0.058844
0.059697
0.060550
0.061403
0.062257
0.063111
0.063965
0.064820
0.065674
0.066529
0.067384
0.068239
0.069095
0.069950
0.070806
0.071662
0.072518
0.073375
0.074231
0.075088
0.075945
0.076802
0.077659
0.078517
0.079374
0.080232
0.081090
0.081948
0.082806
0.083664
0.084523
0.085381
0.086240
0.087098
0.087957
0.088816
0.089675
0.090535
0.091394
0.092253
0.093113
0.093972
0.094832
0.095692
0.096551
0.097411
0.098271
0.099131
0.099991
0.100851
0.101711
0.102571
0.103431
0.104292
0.105152
0.106012
0.106872
0.107733
0.108593
0.109453
0.110314
0.111174
0.112034
0.112895
0.113755
0.114615
0.115476
0.116336
0.117196
0.118056
0.118916
0.119777
0.120637
0.121497
0.122357
0.123217
0.124076
0.124936
0.125796
0.126656
0.127515
0.128375
0.129234
0.130093
0.130953
0.131812
0.132671
0.133530
0.134389
0.135247
0.136106
0.136964
0.137823
0.138681
0.139539
0.140397
0.141255
0.142112
0.142970
0.143827
0.144685
0.145542
0.146398
0.147255
0.148112
0.148968
0.149824
0.150680
0.151536
0.152392
0.153247
0.154102
0.154957
0.155812
0.156667
0.157521
0.158375
0.159229
0.160083
0.160937
0.161790
0.162643
0.163496
0.164348
0.165200
0.166052
0.166904
0.167756
0.168607
0.169458
0.170309
0.171159
0.172009
0.172859
0.173709
0.174558
0.175407
0.176256
0.177104
0.177952
0.178800
0.179647
0.180494
0.181341
0.182187
0.183034
0.183879
0.184725
0.185570
0.186415
0.187259
0.188103
0.188947
0.189790
0.190633
0.191476
0.192318
0.193160
0.194002
0.194843
0.195683
0.196524
0.197364
0.198203
0.199042
0.199881
0.200719
0.201557
0.202395
0.203232
0.204068
0.204905
0.205740
0.206576
0.207411
0.208245
0.209079
0.209913
0.210746
0.211579
0.212411
0.213243
0.214074
0.214905
0.215735
0.216565
0.217394
0.218223
0.219052
0.219879
0.220707
0.221534
0.222360
0.223186
0.224011
0.224836
0.225661
0.226484
0.227308
0.228131
0.228953
0.229775
0.230596
0.231416
0.232236
0.233056
0.233875
0.234693
0.235511
0.236329
0.237145
0.237962
0.238777
0.239592
0.240407
0.241221
0.242034
0.242847
0.243659
0.244470
0.245281
0.246091
0.246901
0.247710
0.248519
0.249326
0.250134
0.250940
0.251746
0.252552
0.253356
0.254160
0.254964
0.255767
0.256569
0.257370
0.258171
0.258971
0.259771
0.260570
0.261368
0.262165
0.262962
0.263758
0.264554
0.265349
0.266143
0.266936
0.267729
0.268521
0.269313
0.270103
0.270893
0.271682
0.272471
0.273259
0.274046
0.274832
0.275618
0.276403
0.277187
0.277971
0.278753
0.279535
0.280317
0.281097
0.281877
0.282656
0.283434
0.284212
0.284988
0.285764
0.286540
0.287314
0.288088
0.288861
0.289633
0.290404
0.291174
0.291944
0.292713
0.293481
0.294249
0.295015
0.295781
0.296546
0.297310
0.298074
0.298836
0.299598
0.300359
0.301119
0.301878
0.302636
0.303394
0.304151
0.304907
0.305662
0.306416
0.307169
0.307922
0.308674
0.309424
0.310174
0.310923
0.311672
0.312419
0.313166
0.313911
0.314656
0.315400
0.316143
0.316885
0.317626
0.318367
0.319106
0.319845
0.320582
0.321319
0.322055
0.322790
0.323524
0.324257
0.324990
0.325721
0.326451
0.327181
0.327909
0.328637
0.329364
0.330090
0.330814
0.331538
0.332261
0.332984
0.333705
0.334425
0.335144
0.335862
0.336580
0.337296
0.338011
0.338726
0.339439
0.340152
0.340863
0.341574
0.342284
0.342992
0.343700
0.344407
0.345112
0.345817
0.346521
0.347224
0.347925
0.348626
0.349326
0.350025
0.350722
0.351419
0.352115
0.352810
0.353503
0.354196
0.354888
0.355579
0.356268
0.356957
0.357645
0.358331
0.359017
0.359701
0.360385
0.361067
0.361749
0.362429
0.363109
0.363787
0.364464
0.365141
0.365816
0.366490
0.367163
0.367835
0.368506
0.369176
0.369845
0.370513
0.371179
0.371845
0.372509
0.373173
0.373835
0.374497
0.375157
0.375816
0.376475
0.377132
0.377787
0.378442
0.379096
0.379749
0.380400
0.381051
0.381700
0.382349
0.382996
0.383642
0.384287
0.384931
0.385574
0.386215
0.386856
0.387495
0.388134
0.388771
0.389407
0.390042
0.390676
0.391309
0.391940
0.392571
0.393200
0.393828
0.394455
0.395081
0.395706
0.396330
0.396952
0.397574
0.398194
0.398813
0.399431
0.400048
0.400664
0.401278
0.401891
0.402504
0.403115
0.403725
0.404333
0.404941
0.405547
0.406153
0.406757
0.407360
0.407961
0.408562
0.409161
0.409760
0.410357
0.410953
0.411547
0.412141
0.412733
0.413324
0.413914
0.414503
0.415091
0.415677
0.416263
0.416847
0.417430
0.418011
0.418592
0.419171
0.419749
0.420326
0.420902
0.421477
0.422050
0.422622
0.423193
0.423763
0.424331
0.424899
0.425465
0.426030
0.426593
0.427156
0.427717
0.428277
0.428836
0.429394
0.429950
0.430505
0.431059
0.431612
0.432164
0.432714
0.433263
0.433811
0.434358
0.434903
0.435448
0.435991
0.436532
0.437073
0.437612
0.438150
0.438687
0.439223
0.439757
0.440291
0.440823
0.441353
0.441883
0.442411
0.442938
0.443464
0.443988
0.444512
0.445034
0.445555
0.446074
0.446592
0.447110
0.447625
0.448140
0.448653
0.449166
0.449676
0.450186
0.450694
0.451202
0.451708
0.452212
0.452716
0.453218
0.453719
0.454218
0.454717
0.455214
0.455710
0.456204
0.456698
0.457190
0.457681
0.458171
0.458659
0.459146
0.459632
0.460117
0.460600
0.461082
0.461563
0.462043
0.462521
0.462998
0.463474
0.463949
0.464422
0.464894
0.465365
0.465834
0.466303
0.466770
0.467235
0.467700
0.468163
0.468625
0.469086
0.469545
0.470004
0.470461
0.470916
0.471371
0.471824
0.472276
0.472727
0.473176
0.473624
0.474071
0.474517
0.474961
0.475404
0.475846
0.476287
0.476726
0.477164
0.477601
0.478036
0.478471
0.478904
0.479335
0.479766
0.480195
0.480623
0.481050
0.481475
0.481900
0.482323
0.482744
0.483165
0.483584
0.484002
0.484419
0.484834
0.485248
0.485661
0.486073
0.486483
0.486892
0.487300
0.487707
0.488112
0.488517
0.488920
0.489321
0.489722
0.490121
0.490519
0.490915
0.491311
0.491705
0.492098
0.492489
0.492880
0.493269
0.493657
0.494044
0.494429
0.494813
0.495196
0.495578
0.495959
0.496338
0.496716
0.497093
0.497468
0.497842
0.498215
0.498587
0.498958
0.499327
0.499695
0.500062
0.500428
0.500792
0.501155
0.501517
0.501878
0.502238
0.502596
0.502953
0.503309
0.503663
0.504017
0.504369
0.504720
0.505070
0.505418
0.505765
0.506111
0.506456
0.506800
0.507142
0.507484
0.507824
0.508162
0.508500
0.508836
0.509172
0.509506
0.509838
0.510170
0.510500
0.510829
0.511157
0.511484
0.511810
0.512134
0.512457
0.512779
0.513100
0.513420
0.513738
0.514055
0.514371
0.514686
0.515000
0.515312
0.515624
0.515934
0.516243
0.516551
0.516857
0.517163
0.517467
0.517770
0.518072
0.518373
0.518672
0.518971
0.519268
0.519564
0.519859
0.520153
0.520446
0.520737
0.521027
0.521317
0.521605
0.521892
0.522177
0.522462
0.522745
0.523028
0.523309
0.523589
0.523868
0.524146
0.524422
0.524698
0.524972
0.525246
0.525518
0.525789
0.526059
0.526328
0.526595
0.526862
0.527127
0.527392
0.527655
0.527917
0.528178
0.528438
0.528697
0.528954
0.529211
0.529467
0.529721
0.529974
0.530227
0.530478
0.530728
0.530977
0.531225
0.531472
0.531718
0.531962
0.532206
0.532449
0.532690
0.532931
0.533170
0.533408
0.533646
0.533882
0.534117
0.534351
0.534584
0.534816
0.535047
0.535277
0.535506
0.535734
0.535961
0.536187
0.536412
0.536635
0.536858
0.537080
0.537301
0.537520
0.537739
0.537957
0.538173
0.538389
0.538604
0.538817
0.539030
0.539242
0.539452
0.539662
0.539871
0.540078
0.540285
0.540491
0.540696
0.540900
0.541102
0.541304
0.541505
0.541705
0.541904
0.542102
0.542299
0.542495
0.542690
0.542885
0.543078
0.543270
0.543462
0.543652
0.543842
0.544030
0.544218
0.544405
0.544591
0.544776
0.544960
0.545143
0.545325
0.545506
0.545687
0.545866
0.546045
0.546222
0.546399
0.546575
0.546750
0.546924
0.547098
0.547270
0.547441
0.547612
0.547782
0.547951
0.548119
0.548286
0.548453
0.548618
0.548783
0.548947
0.549110
0.549272
0.549433
0.549594
0.549753
0.549912
0.550070
0.550227
0.550384
0.550539
0.550694
0.550848
0.551001
0.551154
0.551305
0.551456
0.551606
0.551755
0.551904
0.552051
0.552198
0.552345
0.552490
0.552635
0.552778
0.552921
0.553064
0.553205
0.553346
0.553486
0.553626
0.553764
0.553902
0.554039
0.554176
0.554312
0.554447
0.554581
0.554715
0.554847
0.554980
0.555111
0.555242
0.555372
0.555501
0.555630
0.555758
0.555886
0.556012
0.556138
0.556264
0.556388
0.556512
0.556636
0.556759
0.556881
0.557002
0.557123
0.557243
0.557363
0.557482
0.557600
0.557718
0.557835
0.557951
0.558067
0.558182
0.558297
0.558411
0.558524
0.558637
0.558749
0.558861
0.558972
0.559083
0.559193
0.559302
0.559411
0.559519
0.559627
0.559734
0.559841
0.559947
0.560053
0.560158
0.560262
0.560366
0.560469
0.560572
0.560675
0.560777
0.560878
0.560979
0.561079
0.561179
0.561279
0.561378
0.561476
0.561574
0.561672
0.561769
0.561865
0.561961
