q_z
0.707107
0.707223
0.707337
0.707448
0.707556
0.707661
0.707764
0.707863
0.707960
0.708055
0.708146
0.708234
0.708320
0.708403
0.708484
0.708561
0.708636
0.708708
0.708777
0.708843
0.708907
0.708968
0.709026
0.709082
0.709134
0.709184
0.709231
0.709275
0.709317
0.709356
0.709392
0.709425
0.709456
0.709484
0.709509
0.709531
0.709551
0.709568
0.709582
0.709593
0.709602
0.709608
0.709611
0.709611
0.709609
0.709604
0.709596
0.709586
0.709572
0.709556
0.709538
0.709516
0.709492
0.709465
0.709436
0.709403
0.709368
0.709331
0.709290
0.709247
0.709201
0.709153
0.709101
0.709047
0.708991
0.708931
0.708869
0.708804
0.708737
0.708667
0.708594
0.708518
0.708440
0.708359
0.708275
0.708189
0.708100
0.708008
0.707913
0.707816
0.707716
0.707614
0.707508
0.707400
0.707290
0.707177
0.707061
0.706942
0.706821
0.706697
0.706570
0.706441
0.706309
0.706174
0.706037
0.705897
0.705754
0.705608
0.705460
0.705310
0.705156
0.705000
0.704842
0.704680
0.704516
0.704350
0.704180
0.704008
0.703834
0.703656
0.703476
0.703294
0.703108
0.702920
0.702730
0.702537
0.702341
0.702142
0.701941
0.701737
0.701531
0.701322
0.701110
0.700896
0.700679
0.700459
0.700237
0.700012
0.699784
0.699554
0.699321
0.699086
0.698848
0.698607
0.698364
0.698118
0.697869
0.697618
0.697364
0.697108
0.696849
0.696587
0.696323
0.696056
0.695786
0.695514
0.695239
0.694962
0.694682
0.694399
0.694114
0.693826
0.693536
0.693243
0.692947
0.692649
0.692348
0.692044
0.691738
0.691430
0.691118
0.690805
0.690488
0.690169
0.689847
0.689523
0.689196
0.688867
0.688534
0.688200
0.687863
0.687523
0.687180
0.686835
0.686488
0.686137
0.685785
0.685429
0.685071
0.684711
0.684348
0.683982
0.683614
0.683243
0.682869
0.682493
0.682115
0.681733
0.681350
0.680963
0.680574
0.680183
0.679789
0.679392
0.678993
0.678591
0.678187
0.677780
0.677370
0.676958
0.676544
0.676127
0.675707
0.675285
0.674860
0.674432
0.674002
0.673570
0.673135
0.672697
0.672257
0.671814
0.671369
0.670921
0.670470
0.670017
0.669562
0.669104
0.668643
0.668180
0.667714
0.667246
0.666775
0.666302
0.665826
0.665347
0.664866
0.664383
0.663897
0.663408
0.662917
0.662423
0.661927
0.661428
0.660927
0.660423
0.659917
0.659408
0.658896
0.658382
0.657866
0.657347
0.656825
0.656301
0.655774
0.655245
0.654713
0.654179
0.653642
0.653103
0.652561
0.652017
0.651470
0.650921
0.650369
0.649815
0.649258
0.648698
0.648136
0.647572
0.647005
0.646435
0.645863
0.645289
0.644712
0.644132
0.643550
0.642965
0.642378
0.641789
0.641196
0.640602
0.640005
0.639405
0.638803
0.638198
0.637591
0.636981
0.636369
0.635755
0.635137
0.634518
0.633896
0.633271
0.632644
0.632014
0.631382
0.630747
0.630110
0.629470
0.628828
0.628184
0.627537
0.626887
0.626235
0.625580
0.624923
0.624264
0.623601
0.622937
0.622270
0.621600
0.620928
0.620254
0.619577
0.618897
0.618215
0.617531
0.616844
0.616155
0.615463
0.614768
0.614072
0.613372
0.612671
0.611966
0.611260
0.610550
0.609839
0.609125
0.608408
0.607689
0.606967
0.606243
0.605517
0.604788
0.604056
0.603322
0.602586
0.601847
0.601106
0.600362
0.599616
0.598867
0.598116
0.597362
0.596606
0.595848
0.595087
0.594323
0.593557
0.592789
0.592018
0.591245
0.590469
0.589691
0.588910
0.588127
0.587342
0.586554
0.585763
0.584970
0.584175
0.583377
0.582577
0.581774
0.580969
0.580161
0.579351
0.578539
0.577724
0.576906
0.576087
0.575264
0.574440
0.573612
0.572783
0.571951
0.571116
0.570280
0.569440
0.568598
0.567754
0.566908
0.566058
0.565207
0.564353
0.563497
0.562638
0.561777
0.560913
0.560047
0.559178
0.558307
0.557434
0.556558
0.555680
0.554799
0.553916
0.553031
0.552143
0.551253
0.550360
0.549465
0.548567
0.547667
0.546765
0.545860
0.544952
0.544043
0.543131
0.542216
0.541299
0.540380
0.539458
0.538534
0.537607
0.536678
0.535747
0.534813
0.533877
0.532938
0.531997
0.531054
0.530108
0.529160
0.528209
0.527256
0.526301
0.525343
0.524383
0.523420
0.522455
0.521488
0.520518
0.519546
0.518571
0.517594
0.516615
0.515633
0.514649
0.513662
0.512673
0.511682
0.510688
0.509692
0.508694
0.507693
0.506689
0.505684
0.504676
0.503665
0.502652
0.501637
0.500620
0.499600
0.498578
0.497553
0.496526
0.495496
0.494465
0.493430
0.492394
0.491355
0.490314
0.489270
0.488224
0.487175
0.486125
0.485072
0.484016
0.482958
0.481898
0.480835
0.479770
0.478703
0.477633
0.476561
0.475487
0.474410
0.473331
0.472250
0.471166
0.470080
0.468991
0.467900
0.466807
0.465712
0.464614
0.463513
0.462411
0.461306
0.460199
0.459089
0.457977
0.456863
0.455746
0.454627
0.453506
0.452382
0.451256
0.450128
0.448997
0.447864
0.446729
0.445591
0.444451
0.443309
0.442164
0.441017
0.439868
0.438716
0.437562
0.436406
0.435247
0.434087
0.432923
0.431758
0.430590
0.429420
0.428247
0.427073
0.425895
0.424716
0.423534
0.422350
0.421164
0.419975
0.418785
0.417591
0.416396
0.415198
0.413998
0.412795
0.411591
0.410384
0.409174
0.407963
0.406749
0.405533
0.404314
0.403094
0.401870
0.400645
0.399418
0.398188
0.396956
0.395721
0.394484
0.393245
0.392004
0.390761
0.389515
0.388267
0.387016
0.385764
0.384509
0.383252
0.381992
0.380731
0.379467
0.378201
0.376932
0.375661
0.374388
0.373113
0.371836
0.370556
0.369274
0.367990
0.366704
0.365415
0.364124
0.362831
0.361535
0.360238
0.358938
0.357636
0.356332
0.355025
0.353716
0.352405
0.351092
0.349777
0.348459
0.347139
0.345817
0.344493
0.343166
0.341837
0.340506
0.339173
0.337838
0.336500
0.335160
0.333818
0.332474
0.331128
0.329779
0.328429
0.327076
0.325721
0.324363
0.323004
0.321642
0.320278
0.318912
0.317544
0.316173
0.314801
0.313426
0.312049
0.310670
0.309289
0.307905
0.306520
0.305132
0.303742
0.302350
0.300956
0.299560
0.298161
0.296761
0.295358
0.293953
0.292546
0.291137
0.289725
0.288312
0.286896
0.285479
0.284059
0.282637
0.281213
0.279787
0.278358
0.276928
0.275495
0.274061
0.272624
0.271185
0.269744
0.268301
0.266856
0.265409
0.263960
0.262508
0.261055
0.259599
0.258142
0.256682
0.255220
0.253756
0.252290
0.250822
0.249352
0.247880
0.246406
0.244930
0.243452
0.241971
0.240489
0.239005
0.237518
0.236030
0.234539
0.233047
0.231552
0.230056
0.228557
0.227056
0.225554
0.224049
0.222542
0.221034
0.219523
0.218011
0.216496
0.214979
0.213461
0.211940
0.210417
0.208893
0.207366
0.205838
0.204307
0.202775
0.201240
0.199704
0.198166
0.196626
0.195083
0.193539
0.191993
0.190445
0.188895
0.187343
0.185789
0.184234
0.182676
0.181116
0.179555
0.177992
0.176426
0.174859
0.173290
0.171719
0.170146
0.168571
0.166995
0.165416
0.163836
0.162254
0.160670
0.159084
0.157496
0.155906
0.154315
0.152721
0.151126
0.149529
0.147930
0.146330
0.144727
0.143123
0.141517
0.139909
0.138299
0.136688
0.135074
0.133459
0.131842
0.130224
0.128603
0.126981
0.125357
0.123731
0.122104
0.120475
0.118844
0.117211
0.115577
0.113940
0.112302
0.110663
0.109022
0.107379
0.105734
0.104087
0.102439
0.100789
0.099138
0.097485
0.095830
0.094173
0.092515
0.090855
0.089194
0.087531
0.085866
0.084199
0.082531
0.080862
0.079190
0.077517
0.075843
0.074167
0.072489
0.070810
0.069129
0.067446
0.065762
0.064077
0.062390
0.060701
0.059011
0.057319
0.055626
0.053931
0.052234
0.050536
0.048837
0.047136
0.045434
0.043730
0.042024
0.040318
0.038609
0.036900
0.035188
0.033476
0.031761
0.030046
0.028329
0.026610
0.024891
0.023169
0.021447
0.019723
0.017997
0.016270
0.014542
0.012813
0.011082
0.009349
0.007616
0.005881
0.004145
0.002407
0.000668
-0.001072
-0.002814
-0.004557
-0.006301
-0.008046
-0.009793
-0.011541
-0.013290
-0.015040
-0.016792
-0.018545
-0.020299
-0.022054
-0.023811
-0.025568
-0.027327
-0.029087
-0.030849
-0.032611
-0.034375
-0.036139
-0.037905
-0.039672
-0.041440
-0.043210
-0.044980
-0.046751
-0.048524
-0.050297
-0.052072
-0.053848
-0.055625
-0.057402
-0.059181
-0.060961
-0.062742
-0.064524
-0.066307
-0.068091
-0.069876
-0.071661
-0.073448
-0.075236
-0.077025
-0.078814
-0.080605
-0.082396
-0.084189
-0.085982
-0.087776
-0.089571
-0.091367
-0.093163
-0.094961
-0.096759
-0.098558
-0.100358
-0.102159
-0.103961
-0.105763
-0.107566
-0.109370
-0.111175
-0.112980
-0.114786
-0.116593
-0.118401
-0.120209
-0.122018
-0.123827
-0.125638
-0.127449
-0.129260
-0.131072
-0.132885
-0.134698
-0.136512
-0.138327
-0.140142
-0.141958
-0.143774
-0.145591
-0.147408
-0.149226
-0.151044
-0.152863
-0.154682
-0.156502
-0.158322
-0.160143
-0.161964
-0.163785
-0.165607
-0.167430
-0.169252
-0.171075
-0.172899
-0.174722
-0.176547
-0.178371
-0.180196
-0.182021
-0.183846
-0.185671
-0.187497
-0.189323
-0.191150
-0.192976
-0.194803
-0.196630
-0.198457
-0.200284
-0.202111
-0.203939
-0.205766
-0.207594
-0.209422
-0.211250
-0.213078
-0.214906
-0.216734
-0.218562
-0.220390
-0.222218
-0.224046
-0.225874
-0.227702
-0.229530
-0.231358
-0.233186
-0.235013
-0.236841
-0.238668
-0.240496
-0.242323
-0.244150
-0.245976
-0.247803
-0.249629
-0.251455
-0.253281
-0.255107
-0.256932
-0.258757
-0.260582
-0.262406
-0.264230
-0.266054
-0.267877
-0.269700
-0.271523
-0.273345
-0.275167
-0.276988
-0.278809
-0.280629
-0.282449
-0.284268
-0.286087
-0.287905
-0.289723
-0.291540
-0.293356
-0.295172
-0.296987
-0.298802
-0.300616
-0.302429
-0.304242
-0.306053
-0.307865
-0.309675
-0.311485
-0.313293
-0.315102
-0.316909
-0.318715
-0.320521
-0.322326
-0.324129
-0.325932
-0.327734
-0.329535
-0.331336
-0.333135
-0.334933
-0.336730
-0.338527
-0.340322
-0.342116
-0.343909
-0.345701
-0.347492
-0.349281
-0.351070
-0.352857
-0.354644
-0.356429
-0.358212
-0.359995
