W_X
0.333333
0.333366
0.333402
0.333435
0.333469
0.333499
0.333535
0.333567
0.333597
0.333634
0.333664
0.333693
0.333726
0.333760
0.333790
0.333820
0.333852
0.333879
0.333915
0.333940
0.333975
0.334001
0.334032
0.334060
0.334089
0.334122
0.334146
0.334175
0.334206
0.334234
0.334258
0.334290
0.334315
0.334345
0.334367
0.334397
0.334425
0.334451
0.334474
0.334502
0.334529
0.334554
0.334583
0.334603
0.334630
0.334654
0.334682
0.334703
0.334729
0.334752
0.334778
0.334800
0.334824
0.334847
0.334872
0.334892
0.334918
0.334939
0.334960
0.334986
0.335004
0.335031
0.335051
0.335069
0.335094
0.335115
0.335134
0.335159
0.335175
0.335198
0.335218
0.335240
0.335256
0.335278
0.335296
0.335319
0.335336
0.335355
0.335375
0.335395
0.335409
0.335429
0.335452
0.335467
0.335484
0.335502
0.335517
0.335538
0.335554
0.335573
0.335591
0.335603
0.335620
0.335641
0.335653
0.335671
0.335686
0.335703
0.335719
0.335731
0.335748
0.335764
0.335776
0.335794
0.335806
0.335824
0.335834
0.335854
0.335864
0.335877
0.335891
0.335906
0.335918
0.335932
0.335945
0.335957
0.335972
0.335986
0.335996
0.336006
0.336020
0.336033
0.336045
0.336050
0.336066
0.336081
0.336089
0.336100
0.336110
0.336122
0.336133
0.336143
0.336152
0.336160
0.336176
0.336182
0.336191
0.336203
0.336208
0.336221
0.336228
0.336242
0.336242
0.336260
0.336259
0.336274
0.336277
0.336288
0.336293
0.336307
0.336307
0.336323
0.336322
0.336332
0.336340
0.336349
0.336355
0.336352
0.336366
0.336372
0.336377
0.336382
0.336390
0.336396
0.336405
0.336403
0.336412
0.336418
0.336418
0.336424
0.336432
0.336432
0.336443
0.336442
0.336442
0.336455
0.336454
0.336461
0.336456
0.336469
0.336470
0.336472
0.336469
0.336479
0.336474
0.336479
0.336493
0.336483
0.336487
0.336490
0.336489
0.336493
0.336494
0.336496
0.336498
0.336497
0.336497
0.336507
0.336494
0.336497
0.336504
0.336494
0.336507
0.336498
0.336498
0.336504
0.336494
0.336504
0.336484
0.336499
0.336493
0.336495
0.336495
0.336497
0.336478
0.336486
0.336485
0.336493
0.336479
0.336464
0.336483
0.336467
0.336477
0.336466
0.336468
0.336462
0.336439
0.336454
0.336456
0.336438
0.336447
0.336443
0.336435
0.336417
0.336424
0.336418
0.336410
0.336410
0.336416
0.336402
0.336374
0.336396
0.336382
0.336375
0.336365
0.336371
0.336355
0.336340
0.336352
0.336324
0.336330
0.336336
0.336303
0.336309
0.336305
0.336285
0.336281
0.336287
0.336268
0.336248
0.336250
0.336237
0.336245
0.336217
0.336223
0.336211
0.336197
0.336173
0.336181
0.336183
0.336147
0.336155
0.336132
0.336127
0.336107
0.336115
0.336094
0.336074
0.336081
0.336065
0.336046
0.336034
0.336023
0.336016
0.336012
0.335977
0.335982
0.335963
0.335960
0.335932
0.335934
0.335906
0.335909
0.335884
0.335867
0.335860
0.335839
0.335827
0.335805
0.335801
0.335800
0.335780
0.335747
0.335737
0.335740
0.335685
0.335708
0.335690
0.335654
0.335650
0.335619
0.335612
0.335591
0.335579
0.335586
0.335538
0.335520
0.335526
0.335479
0.335473
0.335465
0.335444
0.335426
0.335395
0.335395
0.335346
0.335356
0.335317
0.335322
0.335277
0.335264
0.335245
0.335231
0.335231
0.335191
0.335160
0.335133
0.335120
0.335118
0.335081
0.335055
0.335047
0.335013
0.335000
0.334974
0.334948
0.334930
0.334912
0.334876
0.334864
0.334830
0.334827
0.334780
0.334762
0.334742
0.334730
0.334673
0.334666
0.334662
0.334592
0.334599
0.334555
0.334565
0.334512
0.334479
0.334479
0.334431
0.334416
0.334373
0.334365
0.334307
0.334327
0.334255
0.334256
0.334215
0.334179
0.334186
0.334114
0.334112
0.334085
0.334039
0.334005
0.334011
0.333956
0.333925
0.333901
0.333855
0.333833
0.333824
0.333762
0.333753
0.333702
0.333679
0.333654
0.333617
0.333579
0.333570
0.333493
0.333488
0.333466
0.333399
0.333407
0.333351
0.333291
0.333289
0.333261
0.333217
0.333178
0.333140
0.333108
0.333049
0.333049
0.332979
0.332983
0.332920
0.332882
0.332852
0.332824
0.332773
0.332731
0.332715
0.332672
0.332619
0.332584
0.332536
0.332512
0.332471
0.332407
0.332395
0.332362
0.332287
0.332284
0.332217
0.332176
0.332161
0.332104
0.332049
0.332022
0.331953
0.331956
0.331872
0.331857
0.331802
0.331727
0.331726
0.331680
0.331615
0.331577
0.331520
0.331490
0.331438
0.331416
0.331349
0.331288
0.331250
0.331240
0.331142
0.331118
0.331049
0.331030
0.330970
0.330933
0.330859
0.330829
0.330784
0.330694
0.330698
0.330618
0.330562
0.330508
0.330482
0.330414
0.330371
0.330310
0.330277
0.330172
0.330172
0.330119
0.330032
0.329990
0.329931
0.329894
0.329843
0.329772
0.329703
0.329656
0.329618
0.329536
0.329503
0.329431
0.329379
0.329331
0.329247
0.329210
0.329124
0.329097
0.329023
0.328972
0.328884
0.328862
0.328760
0.328748
0.328668
0.328573
0.328553
0.328461
0.328416
0.328340
0.328305
0.328200
0.328159
0.328106
0.328017
0.327963
0.327895
0.327818
0.327784
0.327671
0.327647
0.327562
0.327495
0.327412
0.327380
0.327285
0.327211
0.327164
0.327078
0.327006
0.326932
0.326874
0.326775
0.326747
0.326631
0.326596
0.326483
0.326451
0.326354
0.326271
0.326222
0.326118
0.326061
0.325996
0.325908
0.325819
0.325752
0.325676
0.325606
0.325507
0.325433
0.325349
0.325289
0.325213
0.325096
0.325045
0.324948
0.324915
0.324774
0.324694
0.324652
0.324538
0.324442
0.324405
0.324264
0.324217
0.324122
0.324051
0.323931
0.323858
0.323794
0.323665
0.323601
0.323517
0.323419
0.323312
0.323260
0.323131
0.323067
0.322951
0.322882
0.322788
0.322683
0.322593
0.322509
0.322394
0.322321
0.322207
0.322132
0.321992
0.321956
0.321819
0.321731
0.321623
0.321547
0.321425
0.321327
0.321244
0.321128
0.321044
0.320915
0.320846
0.320703
0.320639
0.320487
0.320429
0.320299
0.320195
0.320117
0.319979
0.319878
0.319761
0.319658
0.319551
0.319463
0.319341
0.319209
0.319121
0.319012
0.318865
0.318791
0.318667
0.318540
0.318435
0.318325
0.318214
0.318073
0.317960
0.317867
0.317740
0.317597
0.317506
0.317390
0.317253
0.317134
0.317025
0.316872
0.316765
0.316648
0.316534
0.316387
0.316271
0.316151
0.316034
0.315879
0.315769
0.315637
0.315507
0.315383
0.315236
0.315118
0.314979
0.314864
0.314723
0.314581
0.314466
0.314315
0.314185
0.314037
0.313881
0.313791
0.313650
0.313474
0.313337
0.313222
0.313062
0.312942
0.312809
0.312629
0.312536
0.312341
0.312215
0.312066
0.311930
0.311749
0.311625
0.311507
0.311302
0.311180
0.311039
0.310864
0.310723
0.310572
0.310434
0.310233
0.310102
0.309979
0.309787
0.309634
0.309471
0.309323
0.309174
0.308983
0.308818
0.308686
0.308531
0.308330
0.308180
0.308036
0.307831
0.307707
0.307521
0.307342
0.307167
0.307025
0.306842
0.306645
0.306516
0.306338
0.306134
0.305975
0.305813
0.305588
0.305485
0.305251
0.305085
0.304903
0.304734
0.304543
0.304366
0.304180
0.303989
0.303823
0.303607
0.303420
0.303280
0.303022
0.302889
0.302679
0.302520
0.302263
0.302130
0.301918
0.301678
0.301541
0.301338
0.301104
0.300928
0.300718
0.300561
0.300314
0.300145
0.299904
0.299720
0.299517
0.299300
0.299103
0.298894
0.298692
0.298467
0.298259
0.298048
0.297827
0.297640
0.297426
0.297146
0.296988
0.296791
0.296526
0.296294
0.296143
0.295838
0.295695
0.295433
0.295174
0.294996
0.294782
0.294528
0.294275
0.294103
0.293822
0.293614
0.293372
0.293169
0.292848
0.292697
0.292419
0.292183
0.291958
0.291725
0.291461
0.291237
0.290969
0.290751
0.290494
0.290279
0.289985
0.289768
0.289520
0.289235
0.288986
0.288742
0.288499
0.288221
0.287985
0.287706
0.287515
0.287156
0.286972
0.286620
0.286442
0.286131
0.285915
0.285612
0.285313
0.285101
0.284805
0.284513
0.284264
0.283977
0.283691
0.283448
0.283167
0.282885
0.282569
0.282335
0.282019
0.281748
0.281437
0.281214
0.280904
0.280558
0.280299
0.280041
0.279743
0.279404
0.279109
0.278819
0.278570
0.278241
0.277914
0.277672
0.277305
0.277027
0.276708
0.276474
0.276076
0.275846
0.275452
0.275183
0.274835
0.274572
0.274226
0.273927
0.273583
0.273288
0.272950
0.272617
0.272324
0.271994
0.271664
0.271295
0.271013
0.270689
0.270326
0.270006
0.269647
0.269332
0.268977
0.268664
0.268313
0.267964
0.267615
0.267269
0.266966
0.266584
0.266242
0.265862
0.265567
0.265189
0.264814
0.264484
0.264071
0.263784
0.263417
0.263008
0.262686
0.262283
0.261963
0.261562
0.261163
0.260890
0.260454
0.260059
0.259709
0.259318
0.258970
0.258584
0.258156
0.257855
0.257390
0.257051
0.256630
0.256252
0.255917
0.255419
0.255128
0.254674
0.254304
0.253894
0.253485
0.253120
0.252715
0.252229
0.251907
0.251466
0.251067
0.250668
0.250231
0.249835
0.249441
0.248966
0.248574
0.248184
0.247715
0.247325
0.246899
0.246432
0.246048
0.245584
0.245201
0.244741
0.244281
0.243862
0.243483
0.242948
0.242572
0.242116
0.241626
0.241251
0.240760
0.240310
0.239900
0.239414
0.238965
0.238519
0.237996
0.237629
0.237108
0.236665
0.236222
0.235704
0.235302
0.234785
0.234308
0.233871
0.233392
0.232882
0.232406
0.231969
0.231497
0.230949
0.230513
0.230006
0.229498
0.229027
0.228557
0.228049
0.227582
0.227039
0.226572
0.226030
0.225564
0.225058
0.224523
0.224090
0.223512
0.223016
0.222510
0.222012
0.221470
0.220972
0.220437
0.219933
0.219399
0.218864
0.218328
0.217830
0.217290
0.216792
0.216221
0.215653
0.215157
0.214615
0.214119
0.213481
0.213014
0.212448
0.211908
0.211343
0.210810
0.210204
0.209702
0.209134
0.208568
0.208026
0.207429
0.206890
0.206355
0.205717
0.205181
0.204641
