W_Y
-0.099881
-0.099767
-0.099649
-0.099524
-0.099412
-0.099292
-0.099177
-0.099062
-0.098944
-0.098831
-0.098718
-0.098606
-0.098490
-0.098380
-0.098269
-0.098160
-0.098047
-0.097938
-0.097830
-0.097719
-0.097612
-0.097506
-0.097405
-0.097292
-0.097188
-0.097088
-0.096981
-0.096878
-0.096776
-0.096675
-0.096570
-0.096474
-0.096370
-0.096271
-0.096176
-0.096074
-0.095976
-0.095880
-0.095787
-0.095687
-0.095592
-0.095497
-0.095403
-0.095309
-0.095224
-0.095123
-0.095035
-0.094943
-0.094852
-0.094766
-0.094671
-0.094586
-0.094501
-0.094408
-0.094328
-0.094240
-0.094150
-0.094071
-0.093985
-0.093900
-0.093818
-0.093733
-0.093658
-0.093570
-0.093494
-0.093411
-0.093334
-0.093252
-0.093178
-0.093098
-0.093021
-0.092949
-0.092869
-0.092794
-0.092720
-0.092645
-0.092572
-0.092503
-0.092430
-0.092353
-0.092286
-0.092214
-0.092151
-0.092076
-0.092006
-0.091944
-0.091870
-0.091805
-0.091745
-0.091669
-0.091613
-0.091545
-0.091482
-0.091416
-0.091358
-0.091296
-0.091234
-0.091170
-0.091116
-0.091049
-0.090993
-0.090937
-0.090878
-0.090819
-0.090765
-0.090707
-0.090653
-0.090600
-0.090539
-0.090490
-0.090439
-0.090386
-0.090331
-0.090284
-0.090229
-0.090182
-0.090129
-0.090083
-0.090033
-0.089984
-0.089944
-0.089890
-0.089847
-0.089799
-0.089759
-0.089716
-0.089665
-0.089628
-0.089585
-0.089543
-0.089497
-0.089460
-0.089423
-0.089378
-0.089341
-0.089301
-0.089266
-0.089230
-0.089191
-0.089156
-0.089121
-0.089084
-0.089052
-0.089019
-0.088985
-0.088948
-0.088922
-0.088891
-0.088857
-0.088829
-0.088802
-0.088765
-0.088746
-0.088715
-0.088684
-0.088661
-0.088634
-0.088608
-0.088581
-0.088565
-0.088530
-0.088514
-0.088491
-0.088467
-0.088447
-0.088426
-0.088406
-0.088385
-0.088367
-0.088353
-0.088327
-0.088316
-0.088297
-0.088277
-0.088268
-0.088248
-0.088236
-0.088225
-0.088206
-0.088198
-0.088184
-0.088170
-0.088165
-0.088148
-0.088140
-0.088135
-0.088123
-0.088115
-0.088106
-0.088103
-0.088094
-0.088092
-0.088085
-0.088080
-0.088077
-0.088071
-0.088068
-0.088069
-0.088067
-0.088064
-0.088061
-0.088068
-0.088062
-0.088069
-0.088066
-0.088069
-0.088076
-0.088077
-0.088085
-0.088083
-0.088091
-0.088098
-0.088105
-0.088113
-0.088115
-0.088128
-0.088139
-0.088139
-0.088154
-0.088167
-0.088178
-0.088188
-0.088203
-0.088215
-0.088224
-0.088240
-0.088257
-0.088271
-0.088287
-0.088307
-0.088319
-0.088334
-0.088359
-0.088374
-0.088393
-0.088413
-0.088434
-0.088456
-0.088479
-0.088497
-0.088521
-0.088541
-0.088572
-0.088593
-0.088614
-0.088649
-0.088670
-0.088695
-0.088727
-0.088751
-0.088781
-0.088812
-0.088840
-0.088872
-0.088900
-0.088931
-0.088963
-0.089000
-0.089028
-0.089065
-0.089098
-0.089135
-0.089169
-0.089210
-0.089242
-0.089278
-0.089318
-0.089359
-0.089392
-0.089436
-0.089476
-0.089515
-0.089556
-0.089604
-0.089643
-0.089684
-0.089728
-0.089773
-0.089816
-0.089867
-0.089912
-0.089958
-0.090006
-0.090049
-0.090103
-0.090152
-0.090200
-0.090248
-0.090300
-0.090353
-0.090403
-0.090456
-0.090513
-0.090563
-0.090623
-0.090667
-0.090735
-0.090785
-0.090840
-0.090899
-0.090961
-0.091018
-0.091074
-0.091133
-0.091199
-0.091255
-0.091318
-0.091379
-0.091444
-0.091504
-0.091574
-0.091632
-0.091698
-0.091769
-0.091830
-0.091900
-0.091965
-0.092034
-0.092102
-0.092173
-0.092241
-0.092315
-0.092386
-0.092451
-0.092531
-0.092601
-0.092674
-0.092752
-0.092824
-0.092896
-0.092974
-0.093052
-0.093129
-0.093205
-0.093282
-0.093366
-0.093442
-0.093522
-0.093606
-0.093687
-0.093769
-0.093847
-0.093934
-0.094018
-0.094100
-0.094186
-0.094271
-0.094362
-0.094445
-0.094532
-0.094618
-0.094712
-0.094796
-0.094885
-0.094984
-0.095067
-0.095162
-0.095252
-0.095347
-0.095443
-0.095532
-0.095629
-0.095728
-0.095819
-0.095918
-0.096017
-0.096111
-0.096212
-0.096309
-0.096411
-0.096508
-0.096613
-0.096714
-0.096814
-0.096916
-0.097022
-0.097124
-0.097233
-0.097333
-0.097441
-0.097551
-0.097650
-0.097766
-0.097872
-0.097981
-0.098089
-0.098200
-0.098312
-0.098422
-0.098534
-0.098647
-0.098761
-0.098875
-0.098990
-0.099104
-0.099222
-0.099341
-0.099453
-0.099573
-0.099691
-0.099810
-0.099930
-0.100053
-0.100172
-0.100294
-0.100416
-0.100536
-0.100665
-0.100785
-0.100913
-0.101036
-0.101162
-0.101287
-0.101419
-0.101544
-0.101674
-0.101802
-0.101932
-0.102063
-0.102197
-0.102327
-0.102460
-0.102592
-0.102727
-0.102860
-0.102994
-0.103133
-0.103265
-0.103406
-0.103544
-0.103682
-0.103818
-0.103960
-0.104099
-0.104243
-0.104384
-0.104519
-0.104668
-0.104815
-0.104954
-0.105098
-0.105246
-0.105389
-0.105541
-0.105686
-0.105833
-0.105984
-0.106132
-0.106282
-0.106431
-0.106586
-0.106738
-0.106889
-0.107038
-0.107200
-0.107351
-0.107505
-0.107665
-0.107816
-0.107981
-0.108131
-0.108299
-0.108448
-0.108616
-0.108776
-0.108929
-0.109100
-0.109262
-0.109420
-0.109589
-0.109749
-0.109917
-0.110089
-0.110248
-0.110415
-0.110590
-0.110752
-0.110927
-0.111092
-0.111267
-0.111435
-0.111607
-0.111784
-0.111952
-0.112129
-0.112302
-0.112481
-0.112654
-0.112834
-0.113009
-0.113188
-0.113370
-0.113542
-0.113726
-0.113910
-0.114088
-0.114269
-0.114457
-0.114638
-0.114828
-0.115003
-0.115195
-0.115379
-0.115569
-0.115754
-0.115943
-0.116135
-0.116321
-0.116513
-0.116710
-0.116893
-0.117090
-0.117286
-0.117474
-0.117670
-0.117867
-0.118069
-0.118254
-0.118459
-0.118656
-0.118857
-0.119053
-0.119256
-0.119454
-0.119657
-0.119859
-0.120066
-0.120270
-0.120468
-0.120678
-0.120883
-0.121092
-0.121298
-0.121503
-0.121713
-0.121924
-0.122135
-0.122341
-0.122558
-0.122769
-0.122985
-0.123193
-0.123411
-0.123620
-0.123843
-0.124060
-0.124277
-0.124491
-0.124713
-0.124929
-0.125154
-0.125371
-0.125593
-0.125818
-0.126041
-0.126263
-0.126485
-0.126714
-0.126938
-0.127166
-0.127390
-0.127623
-0.127847
-0.128079
-0.128308
-0.128541
-0.128773
-0.129006
-0.129233
-0.129474
-0.129707
-0.129941
-0.130177
-0.130413
-0.130654
-0.130889
-0.131127
-0.131370
-0.131608
-0.131852
-0.132091
-0.132332
-0.132578
-0.132819
-0.133067
-0.133312
-0.133561
-0.133804
-0.134050
-0.134303
-0.134548
-0.134802
-0.135051
-0.135302
-0.135553
-0.135810
-0.136059
-0.136315
-0.136571
-0.136824
-0.137083
-0.137341
-0.137595
-0.137857
-0.138113
-0.138376
-0.138639
-0.138897
-0.139160
-0.139427
-0.139687
-0.139952
-0.140213
-0.140486
-0.140750
-0.141020
-0.141285
-0.141557
-0.141825
-0.142094
-0.142367
-0.142642
-0.142911
-0.143185
-0.143460
-0.143737
-0.144009
-0.144288
-0.144560
-0.144845
-0.145123
-0.145397
-0.145683
-0.145961
-0.146240
-0.146529
-0.146808
-0.147090
-0.147381
-0.147662
-0.147946
-0.148234
-0.148525
-0.148814
-0.149100
-0.149389
-0.149684
-0.149970
-0.150268
-0.150552
-0.150854
-0.151146
-0.151440
-0.151736
-0.152034
-0.152330
-0.152626
-0.152929
-0.153224
-0.153529
-0.153830
-0.154129
-0.154432
-0.154735
-0.155041
-0.155344
-0.155649
-0.155957
-0.156260
-0.156571
-0.156879
-0.157192
-0.157497
-0.157809
-0.158119
-0.158436
-0.158743
-0.159059
-0.159374
-0.159688
-0.160007
-0.160319
-0.160642
-0.160956
-0.161279
-0.161592
-0.161915
-0.162238
-0.162558
-0.162878
-0.163205
-0.163527
-0.163853
-0.164178
-0.164506
-0.164830
-0.165160
-0.165489
-0.165815
-0.166147
-0.166478
-0.166806
-0.167142
-0.167471
-0.167807
-0.168143
-0.168476
-0.168812
-0.169149
-0.169485
-0.169821
-0.170164
-0.170504
-0.170841
-0.171181
-0.171523
-0.171868
-0.172207
-0.172554
-0.172895
-0.173244
-0.173586
-0.173934
-0.174279
-0.174631
-0.174975
-0.175332
-0.175675
-0.176027
-0.176385
-0.176729
-0.177086
-0.177437
-0.177796
-0.178145
-0.178503
-0.178859
-0.179221
-0.179574
-0.179933
-0.180292
-0.180657
-0.181010
-0.181377
-0.181734
-0.182102
-0.182461
-0.182827
-0.183192
-0.183560
-0.183923
-0.184290
-0.184657
-0.185023
-0.185395
-0.185767
-0.186136
-0.186507
-0.186877
-0.187247
-0.187624
-0.187997
-0.188368
-0.188746
-0.189120
-0.189502
-0.189873
-0.190250
-0.190633
-0.191006
-0.191391
-0.191767
-0.192151
-0.192527
-0.192914
-0.193297
-0.193677
-0.194065
-0.194447
-0.194834
-0.195222
-0.195605
-0.195995
-0.196382
-0.196771
-0.197162
-0.197547
-0.197943
-0.198322
-0.198725
-0.199118
-0.199505
-0.199900
-0.200292
-0.200696
-0.201081
-0.201483
-0.201874
-0.202277
-0.202668
-0.203073
-0.203467
-0.203866
-0.204274
-0.204667
-0.205072
-0.205467
-0.205877
-0.206274
-0.206682
-0.207085
-0.207494
-0.207893
-0.208302
-0.208703
-0.209117
-0.209519
-0.209932
-0.210338
-0.210743
-0.211158
-0.211568
-0.211975
-0.212387
-0.212799
-0.213211
-0.213628
-0.214040
-0.214447
-0.214870
-0.215277
-0.215700
-0.216109
-0.216532
-0.216943
-0.217365
-0.217777
-0.218198
-0.218617
-0.219037
-0.219455
-0.219874
-0.220300
-0.220720
-0.221140
-0.221560
-0.221980
-0.222408
-0.222832
-0.223253
-0.223680
-0.224106
-0.224523
-0.224959
-0.225371
-0.225806
-0.226238
-0.226656
-0.227087
-0.227515
-0.227942
-0.228373
-0.228801
-0.229230
-0.229663
-0.230087
-0.230526
-0.230956
-0.231376
-0.231822
-0.232244
-0.232685
-0.233113
-0.233549
-0.233976
-0.234410
-0.234854
-0.235284
-0.235712
-0.236156
-0.236589
-0.237021
-0.237458
-0.237895
-0.238335
-0.238768
-0.239206
-0.239646
-0.240083
-0.240519
-0.240956
-0.241394
-0.241838
-0.242271
-0.242718
-0.243148
-0.243597
-0.244027
-0.244468
-0.244920
-0.245353
-0.245792
-0.246239
-0.246669
-0.247115
-0.247561
-0.248002
-0.248440
-0.248893
-0.249324
-0.249761
-0.250216
-0.250654
-0.251095
-0.251540
-0.251978
-0.252427
-0.252871
-0.253316
-0.253751
-0.254196
-0.254642
-0.255092
-0.255520
-0.255978
-0.256417
-0.256859
-0.257302
-0.257758
-0.258187
-0.258642
-0.259076
-0.259528
-0.259971
-0.260410
-0.260857
-0.261304
-0.261739
-0.262197
-0.262628
-0.263083
-0.263511
-0.263972
-0.264407
-0.264856
-0.265291
-0.265739
-0.266189
-0.266630
-0.267064
-0.267520
-0.267956
-0.268391
-0.268839
-0.269290
-0.269729
-0.270171
-0.270613
-0.271055
-0.271491
-0.271940
-0.272374
-0.272821
-0.273264
-0.273704
-0.274145
-0.274582
-0.275028
-0.275458
-0.275904
-0.276343
-0.276787
-0.277221
-0.277654
-0.278099
-0.278536
-0.278976
-0.279415
-0.279851
-0.280279
-0.280717
-0.281167
-0.281599
-0.282020
-0.282473
-0.282890
-0.283345
-0.283762
-0.284202
-0.284631
-0.285066
-0.285503
-0.285925
-0.286372
-0.286785
-0.287224
-0.287663
-0.288077
-0.288507
-0.288943
