W_Z
0.033078
0.032898
0.032721
0.032541
0.032367
0.032186
0.032007
0.031834
0.031655
0.031479
0.031302
0.031124
0.030947
0.030774
0.030596
0.030420
0.030246
0.030069
0.029892
0.029720
0.029542
0.029369
0.029196
0.029019
0.028845
0.028674
0.028499
0.028320
0.028153
0.027977
0.027803
0.027631
0.027459
0.027287
0.027114
0.026938
0.026767
0.026595
0.026426
0.026254
0.026081
0.025907
0.025739
0.025570
0.025395
0.025220
0.025061
0.024879
0.024719
0.024536
0.024381
0.024196
0.024040
0.023860
0.023692
0.023528
0.023359
0.023182
0.023017
0.022852
0.022679
0.022512
0.022345
0.022171
0.022009
0.021840
0.021670
0.021505
0.021334
0.021175
0.020997
0.020836
0.020668
0.020500
0.020331
0.020168
0.019998
0.019833
0.019674
0.019502
0.019330
0.019168
0.019006
0.018837
0.018668
0.018510
0.018340
0.018174
0.018009
0.017847
0.017686
0.017513
0.017345
0.017192
0.017022
0.016852
0.016692
0.016532
0.016366
0.016198
0.016036
0.015873
0.015709
0.015545
0.015385
0.015214
0.015053
0.014898
0.014724
0.014567
0.014398
0.014240
0.014080
0.013915
0.013749
0.013593
0.013420
0.013269
0.013105
0.012930
0.012782
0.012617
0.012456
0.012283
0.012132
0.011970
0.011801
0.011648
0.011478
0.011323
0.011162
0.010995
0.010839
0.010675
0.010517
0.010353
0.010188
0.010038
0.009867
0.009711
0.009547
0.009390
0.009226
0.009072
0.008900
0.008751
0.008585
0.008422
0.008264
0.008111
0.007937
0.007792
0.007621
0.007460
0.007307
0.007145
0.006982
0.006822
0.006668
0.006502
0.006340
0.006185
0.006026
0.005863
0.005708
0.005543
0.005390
0.005226
0.005065
0.004909
0.004749
0.004588
0.004431
0.004274
0.004107
0.003956
0.003786
0.003638
0.003470
0.003319
0.003156
0.002991
0.002843
0.002675
0.002516
0.002361
0.002199
0.002043
0.001883
0.001723
0.001565
0.001400
0.001250
0.001087
0.000927
0.000768
0.000611
0.000452
0.000295
0.000130
-0.000027
-0.000183
-0.000343
-0.000506
-0.000663
-0.000819
-0.000978
-0.001137
-0.001305
-0.001452
-0.001620
-0.001775
-0.001934
-0.002085
-0.002263
-0.002409
-0.002567
-0.002730
-0.002891
-0.003048
-0.003208
-0.003367
-0.003520
-0.003683
-0.003847
-0.004001
-0.004167
-0.004319
-0.004480
-0.004652
-0.004794
-0.004957
-0.005115
-0.005284
-0.005435
-0.005603
-0.005760
-0.005915
-0.006072
-0.006241
-0.006397
-0.006551
-0.006725
-0.006866
-0.007042
-0.007188
-0.007358
-0.007519
-0.007677
-0.007840
-0.007996
-0.008156
-0.008315
-0.008473
-0.008639
-0.008802
-0.008955
-0.009121
-0.009277
-0.009438
-0.009610
-0.009759
-0.009923
-0.010084
-0.010246
-0.010403
-0.010570
-0.010727
-0.010896
-0.011041
-0.011218
-0.011365
-0.011540
-0.011704
-0.011857
-0.012012
-0.012185
-0.012344
-0.012511
-0.012664
-0.012830
-0.012985
-0.013166
-0.013313
-0.013476
-0.013641
-0.013809
-0.013966
-0.014130
-0.014295
-0.014446
-0.014625
-0.014773
-0.014952
-0.015105
-0.015271
-0.015436
-0.015605
-0.015759
-0.015928
-0.016091
-0.016247
-0.016418
-0.016585
-0.016746
-0.016920
-0.017070
-0.017230
-0.017408
-0.017570
-0.017744
-0.017889
-0.018064
-0.018239
-0.018387
-0.018563
-0.018732
-0.018885
-0.019058
-0.019227
-0.019384
-0.019557
-0.019725
-0.019881
-0.020054
-0.020226
-0.020387
-0.020558
-0.020719
-0.020891
-0.021056
-0.021220
-0.021392
-0.021557
-0.021721
-0.021901
-0.022060
-0.022230
-0.022398
-0.022574
-0.022720
-0.022911
-0.023073
-0.023242
-0.023409
-0.023577
-0.023756
-0.023912
-0.024097
-0.024257
-0.024425
-0.024607
-0.024759
-0.024946
-0.025101
-0.025285
-0.025454
-0.025628
-0.025787
-0.025974
-0.026136
-0.026310
-0.026471
-0.026647
-0.026827
-0.027009
-0.027165
-0.027344
-0.027503
-0.027691
-0.027866
-0.028035
-0.028200
-0.028382
-0.028556
-0.028735
-0.028890
-0.029084
-0.029258
-0.029420
-0.029598
-0.029781
-0.029941
-0.030129
-0.030304
-0.030475
-0.030663
-0.030825
-0.031004
-0.031184
-0.031359
-0.031533
-0.031717
-0.031886
-0.032069
-0.032239
-0.032426
-0.032598
-0.032784
-0.032957
-0.033130
-0.033319
-0.033503
-0.033668
-0.033844
-0.034030
-0.034205
-0.034391
-0.034575
-0.034760
-0.034919
-0.035125
-0.035285
-0.035474
-0.035658
-0.035837
-0.036016
-0.036204
-0.036383
-0.036570
-0.036747
-0.036936
-0.037120
-0.037283
-0.037493
-0.037664
-0.037847
-0.038034
-0.038213
-0.038408
-0.038588
-0.038767
-0.038962
-0.039139
-0.039329
-0.039519
-0.039697
-0.039885
-0.040085
-0.040246
-0.040459
-0.040631
-0.040818
-0.041014
-0.041197
-0.041381
-0.041587
-0.041758
-0.041962
-0.042132
-0.042336
-0.042528
-0.042707
-0.042909
-0.043087
-0.043288
-0.043466
-0.043677
-0.043842
-0.044052
-0.044239
-0.044448
-0.044611
-0.044831
-0.045003
-0.045199
-0.045406
-0.045589
-0.045783
-0.045989
-0.046171
-0.046375
-0.046567
-0.046747
-0.046951
-0.047165
-0.047344
-0.047545
-0.047735
-0.047948
-0.048136
-0.048336
-0.048525
-0.048723
-0.048934
-0.049120
-0.049318
-0.049527
-0.049737
-0.049910
-0.050118
-0.050338
-0.050521
-0.050717
-0.050935
-0.051118
-0.051324
-0.051541
-0.051722
-0.051952
-0.052131
-0.052339
-0.052541
-0.052756
-0.052949
-0.053151
-0.053367
-0.053569
-0.053760
-0.053984
-0.054174
-0.054389
-0.054614
-0.054790
-0.055016
-0.055216
-0.055418
-0.055639
-0.055828
-0.056052
-0.056252
-0.056474
-0.056675
-0.056884
-0.057085
-0.057307
-0.057517
-0.057739
-0.057926
-0.058149
-0.058368
-0.058580
-0.058788
-0.058989
-0.059219
-0.059419
-0.059653
-0.059848
-0.060060
-0.060291
-0.060501
-0.060712
-0.060930
-0.061139
-0.061363
-0.061582
-0.061796
-0.062013
-0.062234
-0.062443
-0.062665
-0.062891
-0.063106
-0.063318
-0.063552
-0.063752
-0.063994
-0.064204
-0.064418
-0.064651
-0.064870
-0.065085
-0.065315
-0.065541
-0.065752
-0.065990
-0.066210
-0.066435
-0.066648
-0.066880
-0.067107
-0.067334
-0.067557
-0.067781
-0.068008
-0.068233
-0.068460
-0.068698
-0.068913
-0.069154
-0.069365
-0.069608
-0.069837
-0.070061
-0.070294
-0.070522
-0.070767
-0.070978
-0.071205
-0.071455
-0.071679
-0.071918
-0.072157
-0.072370
-0.072619
-0.072843
-0.073088
-0.073322
-0.073538
-0.073793
-0.074022
-0.074268
-0.074493
-0.074727
-0.074970
-0.075204
-0.075446
-0.075692
-0.075915
-0.076169
-0.076400
-0.076645
-0.076876
-0.077125
-0.077368
-0.077604
-0.077843
-0.078088
-0.078325
-0.078575
-0.078818
-0.079059
-0.079309
-0.079539
-0.079804
-0.080039
-0.080283
-0.080529
-0.080773
-0.081022
-0.081282
-0.081510
-0.081760
-0.082020
-0.082260
-0.082518
-0.082754
-0.083004
-0.083264
-0.083513
-0.083772
-0.084005
-0.084271
-0.084512
-0.084767
-0.085006
-0.085295
-0.085517
-0.085792
-0.086028
-0.086292
-0.086548
-0.086788
-0.087063
-0.087324
-0.087568
-0.087817
-0.088098
-0.088350
-0.088579
-0.088873
-0.089119
-0.089393
-0.089629
-0.089905
-0.090142
-0.090439
-0.090666
-0.090942
-0.091221
-0.091449
-0.091735
-0.092000
-0.092268
-0.092502
-0.092793
-0.093060
-0.093303
-0.093589
-0.093851
-0.094113
-0.094370
-0.094652
-0.094937
-0.095165
-0.095451
-0.095718
-0.096004
-0.096264
-0.096517
-0.096809
-0.097084
-0.097328
-0.097610
-0.097907
-0.098156
-0.098423
-0.098724
-0.098958
-0.099255
-0.099536
-0.099801
-0.100077
-0.100353
-0.100634
-0.100902
-0.101172
-0.101468
-0.101738
-0.102012
-0.102304
-0.102549
-0.102874
-0.103122
-0.103413
-0.103684
-0.103973
-0.104254
-0.104528
-0.104817
-0.105095
-0.105387
-0.105668
-0.105933
-0.106248
-0.106505
-0.106807
-0.107064
-0.107389
-0.107648
-0.107927
-0.108239
-0.108527
-0.108793
-0.109084
-0.109386
-0.109663
-0.109955
-0.110235
-0.110535
-0.110831
-0.111105
-0.111408
-0.111698
-0.111989
-0.112273
-0.112567
-0.112863
-0.113169
-0.113440
-0.113745
-0.114039
-0.114333
-0.114628
-0.114928
-0.115201
-0.115519
-0.115822
-0.116092
-0.116409
-0.116696
-0.116996
-0.117310
-0.117591
-0.117894
-0.118187
-0.118500
-0.118785
-0.119101
-0.119391
-0.119696
-0.119994
-0.120310
-0.120590
-0.120912
-0.121193
-0.121523
-0.121797
-0.122128
-0.122418
-0.122729
-0.123025
-0.123331
-0.123638
-0.123949
-0.124250
-0.124562
-0.124862
-0.125178
-0.125488
-0.125776
-0.126104
-0.126407
-0.126715
-0.127024
-0.127334
-0.127638
-0.127961
-0.128261
-0.128580
-0.128880
-0.129205
-0.129507
-0.129817
-0.130135
-0.130449
-0.130760
-0.131077
-0.131386
-0.131700
-0.132016
-0.132330
-0.132645
-0.132966
-0.133275
-0.133584
-0.133912
-0.134218
-0.134545
-0.134859
-0.135172
-0.135498
-0.135806
-0.136126
-0.136457
-0.136764
-0.137078
-0.137407
-0.137729
-0.138035
-0.138367
-0.138679
-0.139008
-0.139320
-0.139654
-0.139964
-0.140284
-0.140614
-0.140938
-0.141247
-0.141583
-0.141896
-0.142223
-0.142546
-0.142867
-0.143196
-0.143518
-0.143844
-0.144165
-0.144487
-0.144818
-0.145135
-0.145472
-0.145784
-0.146125
-0.146441
-0.146771
-0.147095
-0.147422
-0.147749
-0.148079
-0.148400
-0.148731
-0.149058
-0.149384
-0.149715
-0.150037
-0.150368
-0.150700
-0.151024
-0.151360
-0.151676
-0.152014
-0.152344
-0.152674
-0.153000
-0.153325
-0.153661
-0.153992
-0.154317
-0.154649
-0.154979
-0.155315
-0.155642
-0.155973
-0.156299
-0.156636
-0.156967
-0.157290
-0.157630
-0.157961
-0.158290
-0.158616
-0.158958
-0.159285
-0.159614
-0.159948
-0.160284
-0.160612
-0.160942
-0.161273
-0.161613
-0.161939
-0.162278
-0.162609
-0.162932
-0.163273
-0.163604
-0.163934
-0.164269
-0.164603
-0.164930
-0.165266
-0.165602
-0.165930
-0.166263
-0.166597
-0.166932
-0.167259
-0.167590
-0.167932
-0.168261
-0.168590
-0.168927
-0.169259
-0.169586
-0.169923
-0.170257
-0.170584
-0.170924
-0.171252
-0.171581
-0.171918
-0.172247
-0.172583
-0.172913
-0.173242
-0.173580
-0.173908
-0.174238
-0.174568
-0.174906
-0.175230
-0.175564
-0.175898
-0.176226
-0.176556
-0.176888
-0.177221
-0.177548
-0.177880
-0.178210
-0.178533
-0.178868
-0.179201
-0.179528
-0.179857
-0.180184
-0.180516
-0.180840
-0.181173
-0.181500
-0.181825
-0.182156
-0.182486
-0.182806
-0.183140
-0.183465
-0.183789
-0.184120
-0.184440
-0.184775
-0.185093
-0.185416
-0.185748
-0.186066
-0.186401
-0.186716
-0.187046
-0.187366
-0.187686
-0.188016
-0.188335
-0.188659
-0.188978
-0.189301
-0.189626
-0.189943
-0.190262
-0.190582
-0.190902
-0.191232
-0.191537
-0.191871
-0.192175
-0.192499
-0.192819
-0.193130
-0.193450
-0.193766
